1000 1 2 3 4  
1003 8 9 4 7  
1004 10 4    
1005 11 10 3 4  
1006 6 10 3 4  
1007 8 6 10 4  
1008 8 12 6 4  
1009 12 6 4   
1010 12 9 13 4  
1011 1 9 4 7  
1012 14 15 4   
1013 6 16 4 5  
1014 6 3 4 7  
1015 17 3 4 7  
1016 3 4 7 5  
1017 6 3 4 7  
1018 18 3 4 7 5 
1019 6 19 3 4  
1020 11 13 4 5  
1021 9 4 5   
1022 12 6 20 4  
1023 6 21 4 7  
1025 10 3 4 22  
1026 10 3 4 22  
1027 10 3 4 22  
1028 10 3 4 22  
1030 6 3 4   
1031 6 3 4   
1032 8 6 10 4  
1033 6 3 4   
1034 6 10 4   
1035 6 10 3 4  
1036 6 3 4   
1037 10 3 4 22  
1038 23 10 4 22  
1039 23 10 4 22  
1040 12 24 10 4  
1041 12 6 10 4  
1042 12 24 4 5  
1043 11 13 10 4  
1044 23 25 10 4  
1045 21 10 3 4  
1046 1 6 3 4  
1047 1 6 3 4  
1048 6 10 4   
1049 24 3 4 5  
1050 26 24 4 5  
1051 6 2 4 7  
1052 10 4 22   
1053 6 10 4 7  
1054 6 10 4 7  
1056 3 4 7 5  
1057 21 4 7 5  
1058 14 3 4 7  
1059 6 3 4 7  
1060 6 3 4 7  
1062 6 3 4 7  
1063 10 3 4 22  
1064 8 6 3 4  
1065 6 10 4 22  
1066 6 3 4   
1067 6 2 3   
1068 6 3 4 5  
1069 6 24 3 4  
1070 8 6 24 4  
1072 12 6 4 5  
1073 1 24 3 4  
1074 6 27 4 5  
1075 6 24 3 4  
1077 28 6 4 5  
1078 1 29 4 5  
1079 1 2 4 5  
1080 28 6 4 5  
1082 6 24 3 4  
1083 6 4 5 22  
1084 30 24 4 5  
1085 6 24 3 4  
1086 6 2 31 4  
1087 2 4 7 5  
1088 24 3 4 7  
1089 3 4 7 5  
1090 6 3 4 5  
1091 6 4 5   
1092 12 4 5   
1093 12 6 4 5  
1094 12 4 7 5  
1095 1 24 3 4  
1096 6 24 3 4  
1097 1 32 4 5  
1099 2 3 4 7  
10000 33 34 3   
10001 33 34 3   
10002 33 34 35   
10003 36 37 3   
10004 37 3    
10005 37 13 3   
10006 37 13 3   
10007 38 13 3   
10008 37 39 3   
10009 38 39 3   
10010 40 34 35   
10011 33 34 3   
10012 33 34 35   
10013 33 2 34   
10014 33 34 3   
10015 33 34 35   
10016 33 34 3   
10019 33 34 35   
10020 33 34 35   
10022 33 34 35   
10023 33 34 35   
10024 33 34 35   
10025 33 34 35   
10027 33 34 3   
10028 33 34    
10029 33 34 3   
10030 38 37 3   
10031 33 34 3   
10032 33 34 35   
10033 33 34 35   
10034 37 3    
10035 33 34 3   
10036 42 33 34 35  
10037 42 33 34 3  
10038 42 33 34 3  
10039 37 3 7   
10040 33 34 3   
10041 42 33 34 43  
10042 42 33 34   
10044 42 33 34 3  
10045 42 33 34 3  
10046 42 33 34 3  
10047 42 33 34 3  
10048 42 33 34 3  
10049 42 33 34 3  
10050 42 33 34 3  
10051 33 34 35   
10052 33 34 3   
10053 33 34 3   
10054 33 34 3   
10055 33 34 3   
10056 33 34 3   
10057 33 34 3   
10058 33 34 35   
10059 33 34 35   
10061 6 34 3 5  
10062 6 33 34 3  
10066 33 34 3 44  
10067 45 33 34 3  
10068 33 34 3 44  
10069 33 34 3 44  
10070 33 34 3 44  
10071 33 34 3 44  
10072 33 34 3 44  
10073 45 33 34 3  
10074 33 34 44   
10076 33 34    
10077 33 34 35   
10078 45 33 34   
10079 33 34 3   
10080 33 34 44   
10081 33 34    
10082 33 34 3   
10083 33 34 3   
10084 45 33 34   
10085 45 34 41 3  
10086 45 34 41 3  
10087 45 34 41 3  
10088 45 34 41 3  
10089 34 41 3 44  
10090 34 41 3 44  
10091 34 41 3 44  
10092 34 41 3   
10093 34 41 3   
10094 34 41 3   
10095 34 41 35   
10096 34 41 3   
10097 34 41 3   
10098 34 41 3   
10099 34 41 35   
100000 46 47 48 49  
100001 46 47 48   
100003 46 47 48 49  
100004 46 47 48 49  
100005 46 50 47 48  
100006 46 17 47 48  
100007 46 50 47 48  
100008 46 50 47 48  
100009 46 50 47 5  
100010 46 47 48 49  
100011 46 50 47 48  
100012 46 47 49   
100013 46 47 49   
100014 46 50 47 48  
100015 46 47 48 49  
100016 46 50 47 48  
100017 46 50 47 48  
100018 46 50 47 48  
100019 46 50 47 48  
100020 46 51 50 47  
100021 46 51 47 48  
100022 46 47 49   
100023 46 50 47 48  
100024 46 50 47 48  
100025 46 51 47 48  
100026 46 47 48 49  
100027 46 50 47 48  
100028 46 47 48 49  
100029 46 47 49   
100032 46 50 47 48  
100033 46 50 47 48  
100034 46 47 48 49  
100035 46 52 53 5  
100036 46 52 16 54  
100037 46 52 16 3  
100038 46 52 48   
100039 46 52 55 7  
100040 46 52 56 54  
100041 46 52 57 5  
100042 46 52 58 59  
100043 46 52 59   
100044 46 52 57 5  
100045 46 52 58 16  
100046 46 52 60 5  
100047 46 52 58 61  
100048 46 52 57 5  
100049 46 52 53 5  
100050 11 46 52 62  
100051 46 52 59   
100052 46 52 48 5  
100054 46 52 16 61  
100055 46 52 63 7  
100056 46 52 16   
100057 46 52 3 7  
100058 46 52 16 5  
100059 46 52 64 5  
100060 46 52 16 5  
100061 46 52 65 5  
100063 46 52 51 5  
100064 46 52 55 15  
100065 46 52 53 5  
100066 46 52 55 7  
100069 46 5    
100070 46 66 61 5  
100071 46 16 66 5  
100072 46
100073 46 66 61 5  
100074 46 66 5   
100075 46 67    
100076 46 5    
100078 46 16 66 51  
100079 46 66 57 5  
100080 46 66 61 5  
100081 46 16 66 61  
100082 46 5    
100083 46 16 66 61  
100084 46 16 66 61  
100085 46 66 60 5  
100086 46 58 16 66  
100088 46 66 57 5  
100089 46 16 66 5  
100090 46 66 5   
100091 46 5    
100093 11 46 66 5  
100094 46 16 66 61  
100095 46 5    
100096 11 46 66 5  
100097 46 5    
100098 46 16 66 48  
100099 46 66 57 5  
101000 68 69 13   
101001 11 3 71   
101003 72
101005 11 18 13 7  
101006 11 18 13 7  
101008 11 18 7 5  
101009 16 18 7 5  
101010 11 13 5   
101011 11 18 71 7  
101012 11 12 18 7  
101015 11 3 7 5  
101013 11 13 71 7  
101014 6 30 71 5  
101016 11 18 71 7  
101017 11 12 71 5  
101018 11 18 73 7  
101019 13 5    
101020 11 30 7   
101021 11 18 7   
101023 75 45    
101024 14 76 10   
101025 75 45    
101026 77 78 73 10  
101027 45 79 5   
101028 75 45 79 5  
101029 75 45 79 5  
101030 80 79 13 5  
101031 30 13 5   
101032 11 13 3 5  
101033 30 27 3   
101034 21 27    
101035 30 18 7 5  
101036 11 27 7 5  
101037 11 18 71 7  
101038 11 18 71 7  
101039 6 30 3 71  
101040 11 18 71 7  
101041 11 13 71 5  
101042 6 3 71 5  
101043 6 45 63 81  
101044 6 53 71 5  
101046 6 45 3 71  
101047 6 3 71 5  
101048 27 71 7 5  
101049 27 71 7 5  
101052 11 18 7 5  
101053 11 12 30 5  
101054 11 18 7 5  
101055 11 18 7 5  
101056 11 13 5   
101057 6 5    
101059 11 82 30 62 5 
101060 11 62 83 5  
101061 11 83 3 5  
101062 2 84 3 5  
101063 30 84 3 5  
101064 11 30 7 5  
101065 12 30 13 5  
101066 11 30 83 5  
101068 6 30 3 5  
101069 6 13 3 5  
101071 45 63 2 3  
101072 45 16 2 3  
101073 85 16 7   
101074 6 2 3 7  
101075 21 2 5   
101076 2 7 5   
101077 75 30 86 5  
101078 11 18 3 7  
101079 18 3 7 87  
101080 11 83 7 5  
101081 28 84 7   
101082 88 30 89 5  
101083 28 88 7 89  
101084 51 15 7   
101085 90 91 13 92  
101086 90 65 3 92  
101087 93 13 5   
101088 88 70 5   
101089 88 70 7   
101090 11 12 27 5  
101091 11 12 83 5  
101092 94 30 3 5  
101093 30 2 3 5  
101094 45 30 62 5  
101095 30 95 10 5  
101096 11 13 83   
101097 95 3 7 5  
101098 6 95 3 5  
101099 3 7 5   
108000 96 53 97 5  
108001 96 51 97 7  
108002 96 53 97 5  
108003 96 55 51 97  
108004 96 55 16 97  
108005 96 55 97 7  
108006 96 16 97 5  
108008 96 97 7   
108009 98 96 16 97  
108010 96 55 51 97  
108011 96 55 97 5  
108012 96 55 97 7  
108013 96 54 97 7  
108014 96 55 16 97  
108015 96 53 97 5  
108016 98 96 97 7  
108017 98 96 97 5  
108018 98 96 55 97  
108020 96 16 97 5  
108021 98 96 16 97  
108022 96 53 97 5  
108023 96 16 97   
108024 96 16 51 97  
108025 96 16 97 7  
108026 98 96 16 97  
108028 96 53 97 5  
108029 96 16 97 5  
108081 96 62 97 5  
108031 96 51 97 5  
108032 96 54 97 5  
108033 96 16 97 5  
108034 96 62 97 5  
108035 96 97 7 5  
108036 96 62 97 5  
108038 96 97 7 5  
108039 98 96 55 97  
108040 96 55 97 5  
108041 96 51 97 5  
108042 96 16 51 97  
108043 96 55 97 7  
108044 96 16 97 5  
108045 96 16 97 5  
108046 96 16 97 5  
108047 96 62 97 5  
108048 98 96 55 97  
108050 98 96 55 97  
108051 96 16 83 97  
108052 96 55 97 7  
108053 96 55 97 7  
108054 96 55 97   
108055 96 16 83 97  
108056 96 62 97 5  
108057 98 96 60 97  
108058 96 16 97 5  
108059 96 55 16 97  
108060 96 62 97 5  
108061 96 62 97 5  
108063 96 62 97 5  
108064 98 96 55 97  
108065 96 55 16 97  
108066 96 16 51 97  
108067 96 16 54 97  
108068 96 62 97 5  
108069 98 96 55 97  
108070 98 96 60 97  
108071 96 62 97 5  
108072 98 96 55 97  
108073 96 16 97 5  
108074 98 96 55 97  
108076 96 16 51 97  
108077 96 51 97 5  
108078 98 96 51 97  
108079 96 97 5   
108080 98 96 55 97  
108082 98 96 55 97  
108083 98 55 16 97  
108084 96 16 54 97  
108085 96 62 97 5  
108086 96 16 97 5  
108087 96 16 97 5  
108088 96 62 97 5  
108089 96 55 97 7  
108090 96 16 97 5  
108091 98 96 55 97  
108092 98 96 55 97  
108093 96 16 97 5  
108095 96 62 97 5  
108096 96 16 62 97  
108097 96 16 97 5  
108099 96 51 3 97  
109000 99 64 48   
109002 99 16 100 43  
109001 99 16 101 48  
109003 55 99 48 92  
109004 14 99 51 48  
109005 99 48 43 7  
109006 55 99 16 43  
109007 99 102 48 43  
109008 99 57 62 5  
109009 99 69 101 48  
109010 55 99 16 51  
109013 55 99 16 63  
109014 99 16 62   
109016 99 102 48 103  
109017 55 99 16 101  
109018 99 16 63 43  
109019 55 99 16 7  
109020 65 99 51 48  
109021 55 99 16 43  
109022 55 99 3 7  
109023 99 57 48 5  
109024 55 99 16 63  
109025 99 16 3 7  
109026 55 99 16 7  
109027 104 99 16 62  
109028 105 99 62 102  
109029 104 106 99 62  
109030 99 54 107 43  
109031 99 54 108 107  
109032 104 55 99 7  
109033 99 54 107 43  
109034 109 99 108 62  
109035 99 54 43   
109036 104 55 99 16  
109037 104 109 99 54  
109038 104 99 16 3  
109039 110 19 48 7  
109040 110 63 48   
109041 106 110 3 48  
109042 106 110 16 3  
109043 6 110 63 3  
109044 104 110 16 54  
109045 104 110 57 5  
109046 104 110 57 5  
109047 110 16 51 48  
109048 110 111 48 43  
109049 110 51 48   
109050 110 16 62   
109051 110 16 48   
109052 110 63 3 7  
109053 104 110    
109054 104 110 57 5  
109055 104 110 55   
109056 65 110 51 48  
109057 106 110 3 48  
109058 110 55 48 7  
109059 110 63 17 48  
109060 110 21 3 48  
109061 110 55 101 48  
109062 110 19 48   
109063 65 110 51 48  
109064 104 110 57 5  
109066 110 19 3 48  
109067 110 101 48 7  
109068 110 17 102 48  
109069 110 53 5   
109070 16 101 48   
109072 112 106 99 48  
109073 112 55 99 48  
109074 109 99 7   
109075 99 50 57 5  
109077 112 99 48   
109078 112 99 48 43  
109079 112 99 62 48  
109081 112 99 51 48  
109083 112 99 101 48  
109084 112 99 62   
109085 112 99 57 5  
109086 99 16 49   
109087 112 99 62 48  
109088 112 99 16 49  
109089 112 99 16   
109092 112 99 48   
109093 99 50 57 5  
109094 112 99 51 48  
109095 112 99 16 48  
109096 99 100 62 7  
109097 99 100 62 7  
109098 99 100 62 7  
109099 99 100 62 7  
118000 6 30 113 5  
118001 19 27 113 5  
118002 105 3 5   
118003 105 3 114 5  
118005 116 19 117 3  
118006 12 116 113 5  
118007 105 6 19 5  
118009 12 113 3 5  
118010 12 113 3 5  
118011 6 118 3 5  
118012 116 3 114 5  
118013 12 118 114 5  
118014 12 114 5 119  
118015 12 118 5   
118016 12 28 118 5  
118017 12 118 3   
118018 12 3 114   
118019 12 28 113 3  
118020 12 120 113 5  
118022 116 113 121 5  
118023 28 3 114   
118024 28 74    
118025 28 13 74 114  
118026 28 122 114 119  
118028 118 113 5 119  
118029 113 3 5 119  
118088 12 13 5 22  
118030 65 113 5 119  
118031 113 3 121 119  
118032 13 113 3 119  
118034 116 65 113 114  
118035 116 65 3   
118036 116 19 3 5  
118037 116 3 71 114  
118038 88 123    
118039 124 125 126   
118040 124 72 125   
118042 19 120 113 5  
118043 13 120 126 128  
118044 129 62 113   
118045 120 126 128   
118046 28 13 120 126  
118047 19 13 71 5  
118048 65 82 13   
118049 12 19 71 5  
118050 94 2 3 5  
118051 12 2 3 5  
118052 12 105 13 5  
118053 12 94 13 5  
118054 12 19 5   
118055 12 118 89 5  
118056 72 120 89   
118057 130 125 123   
118058 28 94 114 5  
118059 105 94 114 5  
118060 105 113 114 5  
118061 105 113 114 5  
118062 28 105 131 114  
118063 94 132 133 5  
118064 2 113 71 5  
118066 12 113 71 5  
118067 12 111 53 5  
118068 28 111 3   
118069 134 111 13 126  
118070 28 3 121   
118071 28 135 136 137  
118072 136 138 133   
118073 139 120 125   
118075 36 125 140   
118076 13 115    
118077 13 113 5   
118078 19 113 5   
118079 125 141 126 121  
118080 72 125    
118081 72
118082 72 120 141 126  
118084 28 19 5   
118085 19 2 142 7  
118087 72 143 125   
118089 94 2 5 22  
118090 16 13 144 145  
118091 21 13 115   
118092 12 19 30 5  
118093 13 120 126 128  
118094 94 19 114 5  
118095 28 3 126   
118096 146 59 147 123  
118097 19 2 5   
118098 28 142 3 7  
118099 6 19 3 71  
119000 148 13 149 126  
119001 148 13 149 126  
119002 134 13 125 126  
119003 28 13 147 126  
119004 28 134 126   
119005 28 13 126 7  
119006 28 59 13 125  
119007 72 125 126   
119008 72 59 125 126  
119009 72 125 126   
119010 125 126    
119011 72 125 126   
119012 13 126 7 89  
119013 28 126 7   
119014 28 134 13 126  
119015 134 122 126   
119016 13 3 122 126  
119017 134 125 141 126  
119018 13 149 141 126  
119019 72 149 123   
119020 72 150 59 73  
119021 136 148 126 151  
119022 72 151 7   
119024 28 3 137 126  
119025 28 134 126 7  
119026 28 134 126 7  
119027 28 3 126 7  
119028 28 152 126 7  
119029 28 152 126 7  
119085 28 3 126 7  
119030 136 153 13 7  
119031 28 153 141 126  
119032 28 88 126 7  
119033 150 38 13 126  
119034 28 126 7   
119035 28 38 126 7  
119037 153 3 126 7  
119038 28 134 3 126  
119039 28 137 126 7  
119040 28 126 7   
119041 28 137 126 7  
119042 28 141 126 7  
119043 28 3 126 7  
119044 28 13 3 126  
119046 28 154 122 126  
119048 28 154 122 126  
119049 28 19 126   
119050 28 19 126   
119051 28 3 137 126  
119053 28 3 126 7  
119054 28 3 126 7  
119055 28 3 138 7  
119056 28 3 137 123  
119057 28 134 3 126  
119058 28 3 122 7  
119059 155 153    
119060 28 134 126 7  
119061 28 134 3 126  
119062 156 153 126 7  
119063 28 126 7   
119065 134 122 126   
119066 28 134 13 126  
119067 28 3 122 7  
119068 28 134 3 126  
119069 28 134 122 126  
119070 28 134 122 126  
119071 28 13 125 126  
119072 28 13 122 126  
119073 28 134 122 126  
119074 28 149 137 126  
119075 28 59 157 122  
119076 28 157 125 122  
119077 28 157 73 125  
119078 28 157 73 125  
119079 28 13 122 126  
119080 28 158 157 126  
119081 28 53 137 123  
119082 134 159 13 7  
119083 28 136 156 7  
119086 28 134 3 126  
119087 13 125 126 7  
119089 28 124 126   
119091 28 134 122 126  
119092 3 126    
119093 28 137 126 123  
119094 28 59 160 7  
119095 28 156 160 7  
119096 28 13 7   
119097 28 13 122 126  
119099 28 13 122 126  
12000 76 13 86 10  
12001 77 79 5   
12002 65 75 79   
12003 65 79 73 10 161 
12004 79 73    
12005 75 79 62   
12006 65 79 10 161  
12007 75 79 10 161  
12008 75 79 73   
12009 75 79 10 140  
12010 75 79 86   
12012 163 75 78 79  
12013 75 78 79 86  
12014 75 78 79   
12015 75 78 164 79  
12016 163 75 78 79  
12017 65 75 79 86  
12020 75 79 86   
12021 75 79 86   
12022 75 79 62   
12023 75 79    
12024 75 79 86   
12025 75 79 86   
12026 26 75 79 86  
12027 36 75 79 140  
12028 75 79 86   
12029 75 79    
12030 75 79 86   
12082 75 78 79 86  
12031 75 79 86 121  
12032 165 75 78 79  
12033 75 78 79 13  
12034 75 166 79 86  
12035 77 75 79   
12036 75 79 86   
12037 75 79 86   
12038 75 79 86   
12039 75 79 86   
12040 75 79 86   
12042 75 79 86   
12043 75 76 79 86 10 
12044 77 75 79 86  
12045 75 76 79 86 10 
12046 75 79 86 62  
12047 75 76 79 86 10 
12048 77 75 79 86  
12050 79 83 10   
12051 77 75 79 140  
12052 75 79 13 34  
12053 75 78 79 10 161 
12054 75 79 13 34  
12056 75 78 79   
12057 75 76 79 13 10 
12058 75 79 13 86  
12059 75 79 86   
12060 75 79 86   
12061 75 79 13 34  
12062 75 79 13 86  
12063 75 76 79 13 10 
12065 77 75 79 86  
12067 75 79 86   
12068 77 75 79   
12069 75 79 86 10  
12070 75 79 86   
12071 75 78 79 86  
12072 75 79 86   
12073 75 79 86   
12074 77 75 79 86  
12075 75 79 73 86  
12076 75 79 86   
12077 75 78 79 86  
12078 75 78 79 86  
12079 75 78 79 86  
12080 75 79 86   
12081 77 75 79 86  
12083 75 79 86   
12084 77 75 79 86  
12085 75 79 86   
12086 75 78 79   
12087 77 75 79   
12088 75 79 86   
12089 77 75 79   
12090 75 78 79   
12091 75 79 86   
12092 75 76 79 86 10 
12093 75 79 62   
12094 75 78 79 86  
12097 75 78 79 86  
12098 75 166 79 86  
12099 75 79 86   
120000 136 168 13 7  
120001 169 3 137 7  
120004 169 59 137 151  
120005 169 170 137 151  
120006 169 151 7   
120007 169 13 151   
120008 173 141 174   
120009 65 173 141 174  
120010 13 120    
120011 13
120012 13
120013 139 13 120   
120015 12 13 3 5  
120016 12 2 13 5  
120017 12 2 13 5  
120018 12 13 5   
120020 12 68 13 5  
120021 12 2 13 5  
120022 12 2 13 5  
120023 12 3 5   
120024 12 3 89 5  
120026 12 175 122 5  
120027 12 6 122 5  
120028 12 2 122 5  
120029 12 6 2 5  
120081 124 157 13 125  
120030 12 118 122 5  
120031 12 118 19 5  
120032 12 53 120 5  
120033 12 111 120 5  
120034 12 3 122 5  
120035 28 111 120 122  
120036 28 158 168 120  
120037 176 120 177 128  
120038 176 13 120 128  
120039 28 136 178 154  
120040 13 73 123   
120041 176 111 13 120  
120042 166 176 128   
120043 176 120 125   
120044 176 125 174   
120045 72 120 125   
120046 166 176 157   
120047 176 157 120 125  
120048 78 176 157 120  
120049 36 179 157 125  
120052 118 111 53 122  
120053 28 118 111 122  
120054 12 28 122 5  
120055 12 28 122 5  
120056 28 118 122 5  
120057 28 111 122   
120058 28 3 138   
120059 28 134 126   
120060 125 141 126   
120061 180 141 126 174  
120062 111 53 141 122  
120063 134 111 141 126  
120064 111 141 126 174  
120065 111 13 126   
120066 28 125 126   
120067 111 141 126   
120068 28 141 126   
120069 28 141 126   
120071 12 21 3 5  
120072 12 3 122 5  
120073 12 28 118   
120074 28 118 5   
120075 8 12 5   
120076 12 28 3 5  
120077 53 5    
120078 53 5    
120079 176 13 125 141  
120080 23 157 181   
120082 157 13 125   
120083 28 134 126   
120084 13 120 125 126  
120085 28 118 3 7  
120087 111 125    
120088 28 3 122   
120089 2 3 137   
120090 3 137 7   
120091 141 3 137   
120093 28 3 137   
120094 12 13 71 5  
120095 6 168 3 123  
120096 182 183 160 137  
120097 13 137 126   
120098 183 160 137   
120099 12 118 2 5  
121000 183 142 137   
121002 28 184 3 126  
121001 28 135 136 158  
121003 54 142 3 7  
121004 184 16 142 123  
121005 135 136 156 3  
121006 135 185 128 123  
121007 6 142 5   
121011 186 142 3 123  
121008 160 142 137 7  
121009 156 160 142 137  
121010 6 142 5   
121012 160 142 187   
121014 6 21 142 5  
121016 136 142 123   
121017 136 142    
121018 54 142 3 7  
121019 156 142 3 7  
121020 160 142 137 7  
121021 156 142 3 71  
121022 186 142 13   
121023 142 13    
121024 178 125 141 174  
121025 186 13 126   
121026 156 111 142 53  
121027 160 142 5   
121028 111 13    
121029 53 62 137 5  
121030 156 111 142 53  
121031 6 142 3 7  
121032 13 62 137 5  
121034 188 184 3 137  
121035 28 158 88 123  
121036 59 88 123   
121037 160 189 137 7  
121038 188 158 184 3  
121040 59 16 131 123  
121041 28 156 5 123  
121042 28 188 3   
121044 28 6 3 126  
121045 28 131 3   
121046 28 141 3 174  
121048 28 6 3 119  
121049 28 3 126   
121050 158 123    
121051 28 184 13 137  
121052 16 88 3 123  
121054 28 13 125 126  
121055 12 6 3 5  
121056 190 158 3   
121057 28 1 122   
121058 28 59 13 126  
121059 12 28 3 5  
121061 28 3 122   
121062 28 38 13 126  
121063 12 28 3 5  
121064 12 28 3 5  
121065 3 122 126   
121066 28 136 13 122  
121067 12 118 3 5  
121068 12 28 118 5  
121069 28 3 122   
121070 28 3 123   
121071 28 158 147   
121072 12 28 6 5  
121074 135 184 137 121  
121075 28 135 156 5  
121076 135 184 137 121  
121077 135 160 7   
121078 28 135 136 123  
121079 191 135 136 123  
121080 135 13    
121081 135 136 13 137  
121082 135 136 156 5  
121083 135 65 186 192  
121084 135 158 186 123  
121085 135 186 13 126  
121086 135 186 13 126  
121087 135 186 13 126  
121088 135 6 136 137  
121089 28 135 184 3  
121091 135 6 136 147  
121092 28 135 152 137  
121093 135 184 152   
121095 193 3 7 123  
121096 19 172 71 7  
121097 147 125 126 123  
121098 28 38 147 123  
121099 28 184 38 126  
122000 19 4 81   
122001 28 172 62   
122002 1 19 172 7  
122003 2 62 151 7  
122004 1 172 7   
122005 134 148 111 7  
122006 28 148 13 3  
122007 141 133 121 174  
122008 28 38 3 121  
122009 28 13 133 121  
122010 136 13 133 121  
122011 194 195 13 121  
122012 136 192 13 102  
122013 13
122014 194 195 13 121  
122015 172 7    
122016 28 62 3 123  
122017 28 72 111 153  
122018 194 176 13 128  
122019 28 3 126   
122020 194 72 141   
122021 196 111 123   
122022 72 111 197   
122023 72 154 198 13  
122026 194 188 18 13  
122027 188 13    
122028 194 188 13   
122081 188 78    
122030 188 160 159   
122031 28 116 188   
122032 16 172 2 7  
122033 191 111 177 102  
122034 184 137 133 121  
122036 195 13 126   
122037 194 13 126   
122038 188 143 121   
122039 194 13 3   
122040 188 1 172 3  
122041 28 188 1 122  
122042 200 154 4   
122043 191 136 3   
122044 191 28 197 123  
122045 136 148 157 13  
122046 157 125    
122047 13 125    
122048 195 13 125   
122049 16 13    
122050 136 157 125   
122051 1 21 19   
122052 157 141 121 174  
122053 188 136 3 7  
122054 194 188 72 197  
122055 58 45 21 172  
122056 188 143 13 121  
122057 188 137    
122058 1 19 172 122  
122059 12 28 122 5  
122060 154 13 74   
122061 1 2 151 7  
122064 28 137 121   
122065 11 19 13   
122068 188 133    
122069 90 65 137   
122070 54 13    
122071 1 19 3 7  
122072 188 148 5   
122073 72 201 7   
122074 28 188 136 3  
122075 28 188 184 3  
122076 191 188 121   
122077 58 59 172 5  
122078 19 4 81 5  
122079 28 1 21 5  
122080 194 188 13   
122082 78 189 62   
122083 188 172 3 7  
122084 188 13 121   
122085 194 188 160 13  
122086 148 141 7 174  
122088 173 59 132 151  
122089 172 3 7   
122090 13
122091 113 7 5   
122092 188 172 132 7  
122093 188 201 121   
122094 45 172 62 113  
122095 134 172 2 13  
122096 165 19 62 5  
122097 202 177 121   
122099 141 121 174   
131000 59 148 133 7  
131001 59 16    
131002 59 15    
131005 204 160 131 3  
131006 204 123    
131007 59 160 88 7  
131009 160 88 91 121  
131010 59 15 73 205  
131011 160 88 206 7  
131012 160 88 206 7  
131015 160 16 88 7  
131016 59 160 88 206  
131017 204 59 160 7  
131018 204 206 7 5  
131020 160 91 121   
131021 59 123    
131022 88 206 3 7  
131023 160 88 7   
131024 160 88 206   
131025 160 88 206 7  
131026 204 160 16 7  
131028 160 206 74 7  
131029 160 74 7   
131078 59 160 16   
131030 59 160 187 7  
131031 59 160 187 7  
131032 59 160 206 7  
131033 59 160 206 7  
131034 160 187 7 5  
131035 160 172 62 7  
131036 160 206 7   
131037 160 206 138 7  
131038 207 7    
131039 204 136 59 160  
131040 59 160 88 123  
131041 23 106 7   
131042 160 88 206 7  
131043 59 160 88 121  
131044 59 160 88 123  
131045 59 160 172 7  
131046 59 160 7 121  
131047 190 160 7 208  
131048 59 160 123   
131049 59 160    
131050 59 160 88 7  
131051 160 3 7 208  
131052 59 160 88 207  
131054 59 160 88   
131055 59 160 88 207  
131056 59 160 172   
131057 59 160 172   
131058 209 59 160 206  
131059 59 160 187 5  
131060 59 160 172   
131061 209 59 160 7  
131062 204 59 160 7  
131063 160 88 187 7  
131064 59 160 91 7  
131065 59 160 172 7  
131066 59 160 172   
131067 59 160 88 131  
131068 59 73 187 5  
131069 59 160 88 172  
131070 158 59 88 123  
131071 160 88 206 7  
131072 59 160 148 91  
131074 59 160 91 7  
131075 59 160 137 121  
131076 160 88 7   
131077 59 160 172   
131079 209 160 148 121  
131080 59 160 172 7  
131081 209 160 206 7  
131082 59 160 7   
131083 59 160 7   
131084 65 59 160 15  
131086 59 160 15 210  
131087 59 160 148 91  
131088 59 160 148 91  
131089 26 59 160 5  
131090 26 59 160   
131091 209 59 160   
131092 209 59 160   
131093 59 160 172 7  
131094 59 160 137 121  
131095 59 160 88 7  
131096 59 160 7   
131097 135 59 160 121  
131098 185 59 160   
131099 191 160 91 7  
140000 139 192 13   
140001 28 3 123   
140003 12 96 88 5  
140004 85 121 123   
140005 58 59 160   
140006 88 13 3 126  
140007 212 134 7 5  
140008 158 88 126 123  
140009 19 71 5 119  
140010 88 3 5   
140011 213 157 13 126  
140012 59 88 7   
140013 26 134 7 5  
140014 26 212 88 5  
140015 58 19 211 5  
140017 88 126 7 123  
140018 29 88 13 126  
140019 214 3 207   
140020 3 126 7   
140021 28 59 3 5  
140022 12 213 13 126  
140023 28 213 13 7  
140024 188 6 3 123  
140025 157 141 208   
140027 182 29 59 16  
140029 59 15 73   
140030 102 126 5   
140031 88 131 126 7  
140032 88 3 126 123  
140033 29 88 3 126  
140035 85 88 7 123  
140036 85 88 7 123  
140038 59 160 7 211  
140039 158 178 121 123  
140040 53 207 7 5  
140041 59 160 7   
140042 12 215 3 5  
140043 29 16 3 119  
140044 59 121 123   
140045 13 126 121   
140046 16 3 5   
140047 58 160 13 211  
140048 28 6 53 5  
140049 12 28 53 5  
140050 65 59 160 211  
140051 13 126 7   
140052 26 28 126 123  
140053 28 3 207 5  
140054 85 131 3 123  
140055 59 13 7 5  
140056 88 3 126   
140058 29 88 3 5  
140059 6 58 19 211  
140061 29 88 126 7  
140062 28 3 119   
140063 11 13 83 5  
140064 12 28 212 5  
140065 65 160 15 211  
140066 26 13 53 5  
140067 88 3 7 5  
140068 12 129 13 5  
140069 213 157 13 126  
140070 88 3 7 123  
140071 160 54 13   
140072 88 172 131 7  
140073 59 196 73   
140074 28 216 13 126  
140075 72 125 92   
140076 38 3 7 5  
140077 212 88 3 5  
140078 13 141 3 137  
140079 58 59 160 211  
140080 12 26 53 5  
140081 139 192 13 7  
140082 59 160 7 211  
140083 13 7 5   
140084 212 207 7 5  
140085 157 13 141 126  
140086 58 160 217 211  
140088 12 28 3 5  
140090 191 28 136 123  
140091 29 16 3 7  
140092 139 192 13 121  
140093 28 213 157 13  
140094 158 85 88 123  
140095 65 59 15 211  
140096 88 131 3 7  
140097 65 13 3 137  
140098 170 3 126 7  
140099 29 3 5 119  
147000 6 178 142 3  
147001 6 142 3 126  
147002 6 142 3 207  
147003 6 142 3 207  
147004 6 142 3 207  
147005 6 142 3 137  
147006 183 142 137   
147007 136 142 13 207  
147008 6 136 142 13  
147009 6 142 137 207  
147010 183 142 3 137  
147011 136 142 13 131  
147012 28 118 5   
147013 12 28 7 5  
147014 12 28 118 5  
147015 12 118 3 5  
147016 12 28 13 5  
147017 12 88 13 5  
147018 59 88 13 5  
147020 118 3 5   
147021 13 120 218 5  
147022 12 59 13 5  
147023 12 28 3 5  
147024 12 88 13 5  
147025 88 13 5   
147026 178 3 151 7  
147027 13 3 137 151  
147028 6 3 151 207  
147029 28 3 207 7  
147030 3 207 7 5  
147031 176 157 13 126  
147032 176 157 13 126  
147033 176 13 125 126  
147034 176 157 13 126  
147035 28 134 3 126  
147036 134 13 126 7  
147038 28 13 197 137  
147039 13 197 44 7  
147040 139 192 13 197  
147041 28 118 3 5  
147042 28 172 131 123  
147043 28 197 3 137  
147044 28 13 126 7  
147045 72 197 137 5  
147046 28 137 151   
147047 136 3 207 7  
147048 160 13 5   
147049 160 13    
147050 12 157 7 5  
147051 12 157 13 5  
147052 12 176 157 13  
147053 12 176 157 13  
147054 169 13 137   
147055 219 13 137 126  
147056 72 197 137   
147058 28 168 126 7  
147059 219 72 13 137  
147060 176 16 157 125  
147061 62 7 145 220  
147062 221 13 7 5  
147063 70 13 218 89  
147065 16 21 222 13  
147068 28 131 3 151  
147069 13 151    
147070 72 76 223 125  
147071 194 136 13 151  
147072 157 13 125   
147073 13 125 126 218  
147074 12 13 5   
147075 19 4 71   
147076 13 126 89   
147077 65 13 126 89  
147078 139 13 126 89  
147080 222 13 126 89  
147081 25 70 13 126  
147082 21 70 7 89  
147084 224 13 137 151  
147085 155 13 137 7  
147087 139 13 126 89  
147088 12 21 3 5  
147089 19 71 7 5  
147090 19 71 7 5  
147091 16 21 3 7  
147092 88 73 7   
147093 55 73 7   
147094 12 30 3 5  
147095 6 18 3 7  
147096 12 45 3 5  
147097 165 224 13 62  
147099 11 12 13 5  
148000 28 1 122 71  
148002 28 1 180 122  
148003 28 122 71   
148004 28 1 122 71  
148005 28 1 71   
148006 28 1 3   
148007 28 1 122 71  
148008 1 207 5   
148009 28 1 180 122  
148010 28 1 137   
148011 28 1 27   
148012 28 1 3 71  
148013 28 1 180 71  
148014 216 13 137 7  
148015 28 13    
148016 9 189 53 5  
148017 13 218 225   
148019 28 1 131 207  
148020 28 6 189 3  
148021 28 1 6 3  
148023 6 226 3 137  
148024 28 1 111 180  
148025 28 1 6 3  
148026 28 160 53 3  
148027 160 5    
148028 28 9 5   
148029 28 1 3   
148030 28 111 180   
148031 28 1 30 5  
148032 28 3 207   
148033 191 227 28 184  
148034 28 219 199   
148035 28 1 111 180  
148036 29 160 15   
148037 53 137 5   
148038 28 111 180   
148040 26 28 5   
148041 28 180 137   
148042 227 28 88 7  
148043 28 6 3 122  
148044 228 160 5   
148046 28 1 27 5  
148047 229 13    
148048 104 189 7   
148050 28 156 189 7  
148051 72 59 179 157  
148053 28 1 111 180  
148054 230 13 126   
148055 28 38 230 13  
148056 13 126    
148057 229 13 126   
148058 28 1 111 180  
148059 28 1 3 5  
148060 28 58 16 5  
148062 26 28 115 126  
148063 227 26 6 3  
148064 28 1 3 207  
148065 189 3 7   
148066 178 13 126   
148067 28 1 180 122  
148068 28 53 123   
148069 28 189 53 123  
148070 28 88 126 114  
148071 6 226 3 137  
148072 28 1 153 189  
148073 28 180 207   
148074 72 59 125 126  
148075 1 118 27 5  
148076 27 226 3 137  
148078 28 57 27 5  
148080 224 138    
148081 28 160    
148082 28 231    
148083 28 3    
148084 28 149    
148085 28 88 126   
148086 28 184 3   
148087 28 154 137   
148088 28 53 3   
148089 191 227 126   
148090 28 154 142 7  
148091 28 189 53 5  
148092 134 189 13 137  
148093 12 13 5   
148094 28 61 189 13  
148095 28 189 53 5  
148096 28 48 7 103  
148097 28 1 111 5  
148098 26 28 38 27  
148099 57 27 7 5  
17000 191 3 207   
17001 182 16 13 121  
17002 16 3 207 5  
17003 3 126 114 7  
17004 12 3 5   
17005 16 113 3 5  
17007 12 215 2 5  
17008 216 88 13 114  
17009 216 13 126 114  
17010 88 3 126 114  
17012 13 147 232 126  
17013 88 113 5   
17014 88 2 113 5  
17015 6 58 2 3  
17019 2 3    
17020 158 133    
17021 16 3 5   
17022 16 3 5   
17023 158 233 126 114  
17024 12 3 5   
17025 16 113 3 5  
17026 126 114 7   
17027 16 3 5   
17028 6 3 5   
17029 16 113 5   
17030 135 16 3 7  
17031 2 62 5   
17033 16 62 197 3  
17034 16 113 5   
17035 113 3 5   
17036 6 85 7   
17037 16 113 5   
17038 16 2 115 7  
17042 28 3 114 7  
17043 125 114 7   
17044 88 7    
17045 88 7    
17046 3 207 7   
17047 6 16 3 207  
17048 16 207 123   
17049 16 62 3   
17050 16 62 207   
17051 6 70 3   
17052 16 70 3   
17053 16 62 3   
17054 16 3    
17055 88 7    
17056 28 3 126 114  
17057 16 2 207 7  
17058 58 2 3 7  
17059 85 3 7   
17060 135 58 3 5  
17061 16 88    
17062 85 58 16 88  
17063 16 3 133 121  
17064 58 2 3 5  
17065 190 16 3 7  
17066 135 6 3 7  
17067 135 3 7 5  
17068 115 7    
17069 88 126 114 121  
17070 135 16 3 5  
17071 16 7    
17072 105 3 5   
17073 135 158 234 133  
17074 188 3 123   
17075 188 148 3   
17076 58 16 7   
17077 113 3 114 5  
17078 105 3 5   
17079 188 6 16 7  
17080 1 6 3 7  
17081 23 114 5   
17082 158 235 133   
17083 16 88 203   
17084 29 58 88 7  
17085 29 7    
17086 133 203 121 123  
17087 236 126 114 7  
17088 158 59 88 131  
17089 148 16 88 3  
17090 6 58 148 3  
17091 135 16 3 7  
17092 28 3 126 114  
17093 6 58 2 3  
17095 58 16 2 7  
17096 233 126 114   
17097 158 88 126 114  
17098 188 133 123   
17099 16 88 126 114  
171000 14 237 50 15  
171001 238 50 48 5  
171002 14 238 50 7  
171004 237 3 48 7  
171005 237 50 5   
171006 55 237 50 7  
171007 237 50 239 5  
171008 29 58 237   
171009 237 238 196 50  
171010 237 50 3 7  
171011 237 50 3 7  
171012 240 237 238 50  
171013 237 238 50 71  
171014 237 238 50 48  
171015 237 50 48   
171016 238 50 48 5  
171017 237 50 73   
171019 237 16 50 7  
171020 58 237 16 7  
171021 237 179 50   
171022 240 237 238 50  
171023 237 179 50   
171024 240 237 238 50  
171025 190 58 237 7  
171026 237 50 69 48  
171027 237 48 7   
171028 237 50 7   
171029 59 237 50   
171030 58 237 88 7  
171031 29 237 50 7  
171032 14 237 3 48  
171034 237 50 3 7  
171035 59 237 50 210  
171036 237 50 7   
171037 14 237 15 48  
171038 58 237 50 7  
171039 240 237 238 50  
171040 59 237 238 50  
171043 237 50 241   
171044 14 237 16 50  
171045 237 3 7   
171046 58 237 50 7  
171047 237 3 71 7  
171048 237 91 48 7  
171049 14 237 50 48  
171050 50 62 48 5  
171052 188 238 50   
171054 237 50 242   
171055 237 50 7 5  
171056 237 16 50 48  
171057 237 179 48   
171058 238 50 3 243  
171059 237 238 50 15  
171060 14 237 48 243  
171061 14 238 50 243  
171062 16 50 48 5  
171063 58 50 48   
171065 55 237 88 7  
171066 14 237 50 243  
171067 16 50 48 5  
171068 26 237 3 7  
171069 237 50 48   
171070 240 237 50 111  
171071 58 237 50 7  
171072 14 237 50 3  
171073 237 196 50 123  
171075 237 179 50   
171076 237 238 50 5  
171077 170 48 126   
171078 237 179 50   
171079 14 237 50 7  
171080 238 50 71 5  
171081 50 48    
171082 237 50 69   
171083 14 237 50 15  
171084 238 50 48 71  
171085 55 237 115 7  
171086 240 237 196 50  
171087 58 237 50 7  
171088 59 237 50 73  
171089 237 244 7 5  
171091 237 117 3 5  
171092 58 237 54 48  
171093 237 16 50 7  
171094 237 3 71 7  
171095 237 88 48 7  
171096 240 237 196 50  
171097 240 237 196 50  
171098 238 50 111 152  
171099 238 50 48 7  
102000 6 3 207   
102001 28 193 13 126  
102003 28 13 138   
102004 28 147 3 246  
102005 28 3 7   
102006 227 146 28 88  
102007 134 13 102 126  
102008 153 13 137   
102010 160 13 137 7  
102011 176 125 233 208  
102012 2 3 71 7  
102013 1 3 207   
102014 28 1 3   
102015 1 207    
102016 6 148 3   
102017 142 13 3   
102018 16 7 5   
102019 59 156 5   
102021 142 7 5   
102022 58 3 7   
102023 11 83 3 5  
102024 158 247 125   
102025 28 134 13 126  
102026 28 193 13 3  
102027 11 83 3 5  
102028 227 28 3   
102029 11 3 7 5  
102087 2 3 246   
102096 28 7 89 5  
102031 45 13 62 5  
102032 204 16 88 62  
102033 16 3    
102034 16 13 5   
102035 28 13 218   
102036 134 147 141   
102037 3 5    
102038 176 13 248   
102039 28 193 245 3  
102040 3 114 218   
102041 157 13 126   
102042 38 16 153   
102044 248 247    
102046 59 88 3   
102047 160 73 7 5  
102048 11 13 3 5  
102049 201 3 5   
102050 59 160 114   
102051 249 3 7   
102052 59 16 205   
102053 58 3 7   
102054 28 135 7 5  
102055 135 180 53 5  
102056 135 13 3 7  
102057 250 59 160 7  
102058 111 251 177   
102059 28 135 59 160  
102060 59 248 133 252  
102061 135 53 3 5  
102062 134 13 7   
102063 13 253 7   
102064 135 57 3 5  
102065 16 3 7 145  
102066 59 16 2 3  
102067 157 125 233   
102069 59 63 115   
102070 11 21 7 5  
102071 62 7 5   
102072 88 3 5   
102073 106 7 5 220  
102074 28 135 1 121  
102075 13 126 218   
102076 57 3 7 5  
102077 12 28 3 5  
102078 106 115 3 207  
102081 28 3    
102083 58 59 3   
102084 28 16 3 7  
102085 28 134 88 115  
102086 156 152 3 5  
102088 6 63 3 7  
102089 11 13 218 5  
102090 59 3 7   
102091 12 157 143 3  
102092 28 88 5   
102093 146 59 88   
102094 134 154 18 7  
102095 11 83 5   
102097 28 3 89 5  
102098 2 115 89 5  
102099 59 248 121   
103000 255 51 256   
103002 255 62 256   
103001 255 256 7   
103003 255 15 256   
103004 255 15 256   
103005 255 62 256   
103006 255 62 256   
103007 255 62 256   
103009 65 255 256   
103008 255 62 256   
103010 255 62 256   
103011 255 256 7   
103014 65 255 256   
103012 255 54 256   
103013 255 256 7   
103015 255 256 5   
103016 23
103017 23 15    
103018 37 257    
103019 23 37 3   
103020 23 14    
103021 23 5    
103022 23 37 5   
103023 23 37 3   
103024 258 37 3   
103025 258 37 3   
103026 258 16 257   
103027 258 23 16   
103028 258 23    
103029 258 23 106   
103030 258 23 3   
103031 258 23 16   
103032 258 23 257   
103033 258 23 16   
103035 258 23 87   
103036 258 23 257   
103037 23 37    
103038 37 5    
103039 62 5    
103040 23 62    
103041 23 62    
103042 23 37    
103043 23 62    
103044 23 37    
103045 23 62    
103046 23 37    
103047 23 37    
103049 166 62    
103050 166 5    
103051 166 62    
103052 166 62    
103053 166 5    
103054 23 259 37   
103055 23 259 37   
103056 23 259    
103058 259 37    
103059 23 259 37   
103061 23 259 62   
103063 23 259 62   
103064 23 259 181   
103065 23 259    
103066 23 259 37   
103068 23 259 260   
103070 23 259 62   
103071 23 259 37   
103072 23 259 62   
103073 23 259 62   
103074 23 14 261   
103075 262 263 264   
103076 262 263 264 5  
103077 262 264 5   
103078 262 263 264 5  
103079 262 263 264 5  
103080 262 263 264 62  
103081 262 264 62 5  
103082 262 263 264   
103083 262 263 264   
103085 262 264 62 5  
103087 262 263 264   
103089 105 262 263 264  
103090 105 262 263 264  
103091 265 62    
103092 265 62 5   
103093 265 62    
103094 265 62    
103095 23 260    
103096 23 260    
103097 23 260    
103098 23 260    
103099 23 62    
104000 266 48 267 92  
104002 266 63 48 267  
104001 266 16 5 267  
104003 266 58 7 267  
104004 266 48 7 267  
104006 266 268 7 267  
104005 266 58 268 267  
104007 266 122 48 267  
104010 266 7 267   
104008 266 55 268 267  
104009 266 53 5 267  
104011 266 269 7 267  
104012 266 48 267 92  
104013 266 7 5 267  
104015 266 267    
104016 266 7 5 267  
104017 266 16 5 267  
104018 266 7 5 267  
104019 266 60 5 267  
104020 266 57 5 267  
104021 266 7 5 267  
104022 266 267    
104023 266 268 7 267  
104024 266 16 7 267  
104025 266 16 267   
104027 266 58 267   
104028 266 21 270 7  
104029 266 268 270 48  
104030 266 16 21 270  
104031 266 271 270   
104033 266 58 270 7  
104034 266 58 16 270  
104035 266 270 48   
104036 266 270 48   
104037 266 270    
104038 266 270 48 92  
104039 266 270 48   
104040 266 270    
104041 266 268 270   
104043 272 266 270 7  
104044 272 273 16 48  
104045 273 58 16 7  
104046 273 16 57 5  
104047 254 182 273 61  
104048 272 273 57 5  
104049 272 273 57 5  
104050 272 273 58 48  
104051 254 182 273 2  
104053 272 273 57 5  
104054 273 7 92   
104055 273 53 57 5  
104056 272 273 61 48  
104057 272 273 16   
104058 273 16 61   
104060 273 3 103   
104062 182 273 55   
104063 273 48 7   
104064 273 50 60 5  
104065 273 58 16   
104066 273 16    
104067 272 254 274 3  
104068 272 254 274 16  
104069 272 274 3   
104070 274 275 49   
104071 272 274 21   
104073 272 274 16 3  
104074 272 274 58   
104075 272 274 65 16  
104076 274 16 3 122  
104077 272 254 274 16  
104078 274 16 21   
104079 272 274 16 49  
104080 272 274 3 49  
104081 272 274 65 3  
104083 274 62 3 122  
104084 274 58 16 2  
104085 272 58 16 276  
104086 277 276 3 7  
104087 272 65 51 276  
104088 58 276 7   
104089 272 276 2   
104090 16 61 276   
104091 277 276 2 7  
104092 272 16 276 7  
104093 272 276    
104094 254 58 16 276  
104095 272 254 106 276  
104096 21 276 7   
104098 272 276    
104099 55 276 48 103  
113000 29 216 278   
113002 279 16 216 278  
113004 29 279 216   
113003 106 58 16 216  
113005 58 279 216 278  
113006 279 216 7   
113008 279 216 278 7  
113009 29 279 216 278  
113010 29 279 216 278  
113011 58 279 216 278  
113012 279 216 278 7  
113013 58 279 216 278  
113014 29 279 216 278  
113015 29 216 278   
113016 58 279 216 278  
113017 29 216 278   
113018 58 279 216   
113019 58 279 216 278  
113020 58 16 216   
113021 29 279 216   
113022 29 279 216   
113023 29 279 216   
113024 29 279 216   
113025 58 16 216 7  
113026 58 279 216 278  
113027 58 279 216 278  
113028 279 16 216 278  
113030 279 216 278 7  
113031 58 59 279 216  
113032 58 16 216 7  
113033 29 279 216 278  
113034 58 279 216 278  
113035 58 279 216 278  
113036 279 216 278 7  
113037 58 279 216 278  
113038 58 16 216   
113039 58 279 216 278  
113040 58 16 216 7  
113041 279 16 216 278  
113042 58 279 216 278  
113043 58 279 216 278  
113044 58 279 216 278  
113045 58 279 216 278  
113047 59 16 216 61  
113049 58 279 216 278  
113050 58 279 216 278  
113051 14 58 59 216  
113052 58 279 216 278  
113053 58 279 216 278  
113054 58 279 216 278  
113055 58 279 216 278  
113056 58 279 216 278  
113058 58 279 216 278  
113059 279 216 278 7  
113060 58 279 216 278  
113061 58 279 216 278  
113062 279 16 216 278  
113063 58 279 216   
113064 58 279 216 278  
113065 58 279 216 278  
113066 58 279 216 278  
113068 58 279 216 278  
113069 58 279 216 278  
113070 58 279 216 278  
113071 58 16 216 7  
113072 279 16 216 278  
113073 58 279 216 278  
113074 58 279 216 278  
113075 58 279 216 278  
113076 58 279 216 278  
113077 58 279 216 278  
113078 58 279 216 278  
113079 58 279 216 278  
113080 58 279 216 278  
113082 58 279 216 278  
113083 58 279 216 278  
113084 58 16 216 7  
113085 58 279 216 278  
113086 279 216 278 7  
113087 29 279 216   
113088 58 279 216 278  
113089 58 279 216 278  
113090 58 279 216 278  
113092 58 279 216 278  
113093 58 279 216 278  
113094 58 279 216 278  
113095 58 279 216   
113096 279 16 216 278  
113097 279 16 216 278  
113099 58 279 216 278  
13000 59 2 3 211  
13003 23 59 16 217  
13004 59 16 217 205  
13005 59 16 280   
13006 59 16 281 217  
13007 59 16 217 205  
13008 59 15 217 211  
13009 59 217 282 211  
13010 85 58 59 211  
13011 59 3 7 211  
13013 58 59 3 211  
13014 58 59 3 211  
13015 58 59 3 211  
13016 58 59 3 211  
13017 59 217 283 211  
13018 58 59 217 211  
13019 59 217 282 211  
13021 59 217 211   
13022 59 217 282 211  
13023 14 59 217   
13024 59 15    
13025 59 217 282 211  
13026 59 15 282   
13027 59 15 217   
13028 59 217    
13029 59 15 217   
13030 106 59 15   
13031 106 59 217   
13032 59 15 217   
13033 59 15 217 203  
13034 284 59 15 217  
13035 59 217 282   
13036 59 15 217   
13037 59 217 282   
13038 59 16 217   
13039 106 59 15   
13040 59 217    
13041 59 15 217   
13042 59 15    
13043 59 16 217 205  
13044 59 15 217 282  
13045 59 16    
13047 59 16 217   
13048 59 16 217   
13049 59 16 217   
13050 284 59 217 282  
13051 106 59    
13052 59 15 217   
13053 228 14 59   
13054 59 15 217   
13056 59 16 7   
13058 228 59 64 7  
13059 59 217 282   
13060 59 217 282   
13061 59 16 210 282  
13062 59 16 281 211  
13063 59 16 217   
13064 200 59 16   
13065 106 59 16 64  
13067 46 59 16 15 5 
13068 59 15 217 5  
13069 59 5    
13070 228 59 217   
13071 106 59 16   
13072 59 15 217   
13073 59 217 62   
13074 285 286 59 287  
13075 285 286 59 242  
13076 285 286 59 242  
13078 285 286 59 242  
13079 285 286 59 242  
13080 59 217 282   
13081 59 16 217 205  
13082 59 16 217 205  
13083 284 59 16 217  
13084 59 15 217 211  
13085 59 217 205 282  
13086 59 217 282   
13087 59
13088 59 7    
13089 59 16 217   
13090 59 16    
13091 59 16 217   
13093 59 160 88 7  
13094 59 217    
13095 59 196 73   
13096 59 217 211   
13097 284 59 16 217  
13098 59 15 217   
13099 59 15 217   
130000 288 62 7 5  
130001 288 54 62 5  
130002 65 288 51 3  
130004 54 21 7   
130005 288 16 3 7  
130006 19 3 7   
130007 288 16 54 7  
130008 288 16 54 5  
130009 54 2 7   
130010 288 19 71   
130011 288 16 21 7  
130012 288 16 3 7  
130013 65 288 51 3  
130014 288 16 3 7  
130015 288 16 34 7  
130016 288 16 3 7  
130017 288 16 34 7  
130018 25 16 34   
130019 25 16 34   
130020 34 289    
130021 16 34 102   
130022 16 19 34   
130023 54 34 102   
130024 54 34 102   
130025 58 16 34   
130026 113 7    
130027 53 7 5   
130028 54 113 5   
130029 113 7 5   
130030 51 53 5   
130031 16 54 102   
130032 16 113 4   
130033 16 54 51   
130035 16 54 5   
130036 16 54 113   
130037 16 7 5 289  
130038 16 275 34 289  
130040 53 113 5 289  
130041 16 113 5 289  
130042 275 53 113 289  
130043 16 275 5 289  
130044 16 275 5 289  
130045 16 3 7 289  
130046 16 275 7 289  
130047 275 34 7 289  
130048 16 34 7 289  
130049 113 5 289   
130050 275 34 5 289  
130052 16 275 7 289  
130053 275 34 5 289  
130054 16 275 5 289  
130055 16 54 275 289  
130056 16 275 7 289  
130057 16 3 7 289  
130058 275 34 7 289  
130059 275 113 5 289  
130060 16 7 5 289  
130061 16 34 7 289  
130063 54 113 5 289  
130064 16 275 5 289  
130065 16 34 289   
130066 16 34 7 289  
130067 16 34 7 289  
130068 16 275 34 289  
130070 16 275 7 289  
130071 290 5    
130072 290 5    
130073 290 5    
130074 54 290    
130075 54 290    
130077 54 290    
130078 54 290    
130080 290 5    
130081 54 290 5   
130082 54 5    
130083 54 5    
130084 54 290    
130085 221 275 3 5  
130086 221 275 34 3  
130087 221 34 3 7  
130088 221 275 34 290  
130090 16 164 34 3  
130092 54 51 164 102  
130093 16 113 5   
130094 275 71 5   
130095 54 4    
130096 16 34 7   
130097 34 3 7   
130098 16 34 7   
130099 54 3 7   
142000 28 13 149 137  
142001 13 126    
142002 28 136 13   
142003 72 13 125 126  
142004 28 141    
142005 13 125 123   
142006 28 186 126   
142007 28 186 13 126  
142008 28 13 3 126  
142009 28 158 138 123  
142010 158 164 92   
142011 72 59 157 125  
142012 146 28 3 207  
142013 146 28    
142014 209 158 102   
142015 88 2 3 126  
142016 6 172 2 3  
142017 28 6 131 3  
142018 28 193 131 207  
142019 191 28 6 126  
142020 191 146 136 156  
142022 72 13 125 126  
142023 158 13 234 121  
142024 158 13 126 121  
142025 158 13 138 126  
142026 28 13 3   
142027 28 192 13   
142028 291 13    
142029 6 58 59   
142030 59 15 217 73  
142031 6 3 121   
142032 65 121    
142033 2 13    
142034 58 2 3   
142035 13
142036 6 2 13   
142037 58 2 3 145  
142038 2 292 145 5  
142039 58 16 73 145  
142040 204 16 7 145  
142041 58 2 7 145  
142042 70 2 7 145  
142043 16 57 113 5  
142044 6 2 102 145  
142045 2 145 5   
142046 2 62 252 145  
142047 6 2 252   
142050 70 244 133   
142051 16 2 145   
142052 2 62 145   
142053 6 2 132 145  
142054 244 2 132 145  
142055 6 2 132 145  
142056 244 2 132 145  
142059 62 132 151 123  
142060 2 132 207 145  
142061 16 62 138 123  
142062 62 132 138 207  
142063 65 59 15   
142064 6 2 132 145  
142065 12 3 7 5  
142066 6 88 7 5  
142069 202 247    
142070 65 92    
142071 65 59 15 73  
142072 13
142073 2 13 145   
142074 28 68 13 126  
142075 11 2 13 83  
142076 28 3 126 123  
142079 2 7 145 5  
142081 70 2 7 145  
142082 6 2 132 145  
142083 55 73 3 7  
142084 2 57 145 5  
142085 94 2 13 5  
142086 191 200 188 138  
142087 59 157 13 125  
142088 19 4 81 5  
142089 12 19 13 5  
142090 85 30 13 5  
142091 293 21 19 115  
142092 16 2 115 145  
142093 6 2 132 145  
142094 2 145 121   
142095 12 94 5   
142096 2 3 5   
142097 293 83    
142098 16 13 121   
142099 85 24 2 145  
143000 293 83 71 145  
143001 293 83 81 145  
143002 293 83 81 145  
143003 293 19 83 71  
143004 293 19 83 71  
143005 293 19 73 145  
143006 6 2 3 145  
143007 293 83 141 5  
143008 2 3 145 5  
143009 2 3 145 5  
143010 2 83 3 145  
143011 2 83 3 145  
143012 6 2 3 145  
143013 293 83 3 145  
143014 2 83 3 145  
143016 26 62 145   
143015 2 73 145 5  
143017 2 73 3 145  
143018 2 3 145 5  
143019 16 2 62 145  
143020 2 62 145 5  
143072 293 2 83 145  
143095 2 3 48   
143021 16 2 83 145  
143022 16 18 7 145  
143023 6 62 83 145  
143024 2 13 145   
143025 65
143026 294 2 83 145  
143027 294 21 83 3  
143028 294 83 3 145  
143029 294 2 83 145  
143030 294 223 83 145  
143031 294 16 83 145  
143032 2 83 3 145  
143033 295 21 83 145  
143034 295 21 83 145  
143035 295 21 83 145  
143036 295 21 3 145  
143037 295 62 83 145  
143038 110 293 83 145  
143039 65 59 15 145  
143040 2 83 3 145  
143041 293 2 145   
143042 16 115 3 145  
143044 2 115 141 3  
143045 6 62 132 3  
143046 293 62 83 145  
143047 293 83 145 5  
143048 286 59 62 145  
143050 295 62 83 145  
143052 295 62 3 145  
143053 6 293 2 145  
143054 295 62 3 145  
143055 295 62 145 5  
143056 263 62 145   
143057 295 293 62 145  
143058 293 59 73 145  
143059 293 2 83 145  
143060 293 73 83 145  
143062 295 62 83 145  
143063 295 2 62 145  
143064 295 263 62 145  
143065 293 21 62 83  
143066 59 19 2 145  
143067 2 7 145   
143068 2 73 3 145  
143069 16 2 3 145  
143070 266 293 83 145  
143071 21 2 7 145  
143074 293 2 3 145  
143075 293 88 2 83  
143077 293 2 3 145  
143079 293 2 48 145  
143080 293 2 7 145  
143081 293 2 145 5  
143082 293 2 145 5  
143083 293 145 5   
143084 2 53 145 5  
143085 293 19 71 5  
143087 293 2 145   
143088 2 53 5   
143089 2 3 145   
143090 6 53 71 5  
143091 19 71 145   
143092 16 3 48   
143094 2 3 48   
143096 293 83 144 145  
143097 6 293 83 145  
143098 293 2 145   
144000 6 94 21 5  
144001 94 59 21 5  
144002 94 19 71 5  
144003 94 62 5 22  
144004 6 94 3 5  
144005 94 21 71 5  
144006 94 59 21 5  
144007 94 31 5 22  
144008 94 19 71 5  
144009 94 296 71 5  
144010 6 59 21 3  
144012 94 21 5 22  
144013 94 21 3 5  
144016 94 21 62 5  
144017 11 94 21 5  
144019 12 297 5   
144020 21 83 3 7  
144022 6 21 3 7  
144024 6 94 13   
144025 94 21 5 22  
144026 94 21 5 22  
144027 94 21 3 5  
144028 11 94 83 5  
144030 11 166 62 20  
144031 19 71 7   
144032 273 16 21 5  
144033 11 6 19 5  
144034 11 21 83 5  
144035 11 6 94 71  
144036 11 94 5 22  
144037 94 21 5 22  
144038 11 94 71 5  
144039 12 94 21 5  
144040 94 59 73 62  
144041 11 94 5 22  
144042 11 94 83 5  
144043 189 62 113   
144044 11 94 5 22  
144045 94 296 5 22  
144047 94 18 10 5 22 
144048 189 73 5   
144049 12 88 3 5  
144050 6 94 19 71  
144051 11 94 5 22  
144052 11 19 13 5  
144053 94 21 296 5  
144054 94 21 296 3  
144055 11 94 7 5  
144056 94 83 298 5  
144057 65 94 83 298  
144058 188 21 3 7  
144059 11 94 45 83  
144060 6 19 71   
144061 12 94 118 5  
144062 94 62 5   
144063 65 94 5   
144064 19 71 7 5  
144065 94 21 7 5  
144066 94 5 22   
144067 94 21 189 5  
144068 11 62 5   
144069 28 59 62 123  
144070 94 3 5 22  
144071 23 21 5   
144072 94 5 22   
144073 223 62 83 299  
144074 223 62 83 299  
144075 94 16 189 92  
144076 94 21 5 22  
144077 94 21 5 22  
144078 16 21 5 22  
144080 16 21 3 5  
144081 94 236 7 5  
144082 94 16 21 3  
144083 94 19 81 5  
144084 11 94 71 5  
144085 94 15 7   
144086 94 29 21 7  
144087 94 62 5 22  
144088 94 5 220 22  
144089 11 21 5 22  
144090 94 21 7 5  
144092 94 59 5 22  
144093 94 21 5 22  
144094 11 6 94 5  
144095 11 94 5 22  
144096 94 189 3 7  
144097 94 62 5   
144098 12 94 21 5  
144099 94 62 5 22  
152000 14 65 15 73  
152001 65 59 15 73  
152003 65 15 73 282  
152004 65 59 15 73  
152005 59 15 73   
152006 65 15 73   
152007 59 160 73 87  
152008 217 73    
152009 65 59 15   
152010 15 73    
152011 59 15 73   
152012 14 15 73   
152013 15 73 282   
152014 300 15 248 7  
152015 15 73 248   
152016 14 59 15 73  
152017 224 15 73 123  
152018 15 281 217 73  
152019 15 73 248   
152020 65 15 73 282  
152021 65 59 15 73  
152022 73 282    
152023 65 15 73 282  
152025 15 73    
152026 14 15    
152027 15 73 282   
152028 65 15 73   
152029 15 73    
152030 15 73 203   
152033 65 59 15 73  
152034 65 15 73   
152035 65 15 73   
152036 65 15    
152037 15 73 248   
152038 65 15 73 282  
152039 15 73 248   
152040 73 282    
152041 59 15 281 73  
152043 15 73 203   
152044 59 15 73   
152045 65 15 73   
152046 59 15 73   
152047 65 15 73   
152048 15 73    
152049 65 15 73   
152050 65 15 73   
152051 15 73 282   
152052 59 15 73   
152053 54 15 73   
152054 14 15 73   
152056 15 73    
152057 59 73 282   
152058 15 301 73   
152060 65 15 73   
152061 15 73 203   
152062 14 65 15 73  
152063 65 160 15 73  
152064 65 15 73 218  
152065 65 15 73   
152067 59 15 73 20  
152069 15 18 73   
152070 65 15 73   
152071 15 73    
152072 65 15 73   
152073 59 15 5   
152074 59 15 73   
152075 65 15 281 73 241 
152076 15 73 210   
152077 15 73    
152078 73 7    
152079 65 15 73   
152080 59 15 73   
152081 65 15 73   
152082 59 15 73   
152083 65 15 73 282  
152084 224 73 203   
152085 65 59 15   
152086 15 73 282   
152087 15 73 7   
152088 15 73    
152089 15 73    
152090 160 15 73   
152091 15 18 73   
152092 65 18 73   
152093 59 15 73   
152095 224 15 18 73  
152096 15 73    
152097 65 15 73   
152098 14 15 282   
152099 15 73 282 121 289 
153000 13 302 5   
153001 13 74 302   
153002 13 74 302 5  
153003 229 13 74 302  
153004 13 74 5   
153005 13 74 302   
153006 13 74 302   
153007 13 302 5   
153008 162 13 74 302  
153009 229 13 74 302  
153010 74 302 5   
153011 13
153012 13 302    
153014 74 53 302 5  
153015 13
153016 13 302    
153017 229 162 74 302  
153019 229 13 74 302  
153020 229 224 13 302  
153021 229 13 74 302  
153022 229 13 302 5  
153023 13 74 302   
153025 229 13 74 302  
153026 229 13 74 302  
153027 13 302 5 257  
153028 13 74 302 5  
153030 13 74 302   
153031 13 74 302 5  
153032 13 74 302 5  
153033 13 74 302 5  
153034 13 74 302 5  
153036 13 74 302 5  
153037 13 74 302 5  
153038 13 74 302 5  
153039 13 74 302 5  
153040 13 302    
153041 13 74 302 5  
153042 13 74 302 5  
153043 13 74 302 5  
153044 13 74 302 5  
153045 38 13 5   
153046 13 74 302 5  
153047 13 74 302 5  
153050 13 74 302 5  
153051 13 74 302 5  
153052 13 74 302 5  
153053 13 74 302 5  
153054 38 13 74 302  
153055 74 3 5   
153058 13 74 302 5  
153059 13 74 302 5  
153060 13 74 302 5  
153061 13 74 302 5  
153062 13 302 5   
153063 185 13 302   
153064 13 74 302 5  
153065 13 302    
153066 13 302 121   
153067 13 74 302 5  
153068 13 302 5   
153069 13 74 302 5  
153070 13 74 302 5  
153071 13 74 302 5  
153072 13 74 302 5  
153073 13 74 302 5  
153074 13 74 302 5  
153075 13 302    
153076 13 74 302 5  
153077 13 302    
153078 13 74 302 5  
153079 13 302    
153080 13 74 302 5  
153081 13 302    
153082 13 74 302 5  
153083 13 74 302 5  
153084 13 74 302 5  
153085 13 74 302 5  
153086 13 74 302 5  
153087 13 74 302 5  
153088 13 302    
153089 13 302    
153090 13 74 302 5  
153091 13 74 302 5  
153092 13 302    
153093 13 74 302   
153094 13 74 302 5  
153096 13 74 302 5  
153097 13 302    
153098 13 74 302 5  
153099 13 302    
161000 152 137 133 151  
161001 199 152 133 151  
161003 303 83 133 7  
161004 199 152 133 151  
161005 199 152 102 133  
161006 28 13 115 133  
161007 115 152 133 7  
161008 28 13 199 133  
161009 13 115 152 133  
161010 152 137 133 7  
161011 13 152 137 133  
161012 13 137 133 7  
161013 28 199 102 133  
161014 303 83 152 133  
161015 303 83 152 133  
161016 303 83 152 133  
161017 13 303 83 133  
161018 227 304 199 151  
161019 303 152 305 133  
161021 13 199 137 133  
161022 28 199 102 133  
161023 28 152 137 133  
161024 199 152 137 133  
161025 199 152 102 133  
161026 13 199 152 133  
161027 152 305 137 133  
161028 303 305 137 133  
161029 152 305 137 133  
161030 152 305 137 133  
161031 199 115 102 133  
161032 199 83 152 133  
161033 13 199 152 133  
161034 102 133 121   
161035 199 115 102 133  
161036 199 152 133 7  
161037 28 13 199 133  
161038 305 137 133 7  
161039 305 137 133 7  
161040 305 137 133 7  
161041 13 303 234 133  
161042 152 305 137 133  
161043 152 305 137 133  
161044 152 305 137 133  
161045 303 305 137 133  
161046 303 305 137 133  
161047 199 152 133 7  
161048 13 199 152 133  
161049 13 199 137 133  
161050 152 102 137 133  
161051 152 137 133 121  
161052 199 152 137 133  
161054 28 13 115 133  
161055 191 136 304 133  
161056 13 137 133   
161057 13 303 83 133  
161058 304 13 199 133  
161059 304 199 133 151  
161060 191 136 304 133  
161061 13 137 133   
161062 70 303 83 133  
161063 303 83 3 133  
161064 13 303 133   
161065 13 303 133   
161066 13 199 133 151  
161067 13 199 133 151  
161068 199 152 133 151  
161069 13 199 133 151  
161070 16 303 133 7  
161071 303 83 234 133  
161072 28 199 133 151  
161073 191 28 115 133  
161074 115 133 151 7  
161075 13 199 133 7  
161076 199 152 133 7  
161078 28 16 199 133  
161080 199 133 7   
161081 304 133 7 306  
161083 304 13 199 133  
161084 209 1 304 13  
161085 106 152 137 133  
161086 13 305 137 133  
161087 28 199 132 133  
161088 199 115 102 133  
161089 28 106 199 133  
161090 199 137 133 151  
161093 16 199 133 151  
161094 16 199 133 151  
161096 115 137 133 151  
161097 13 199 133 151  
161098 199 132 133 151  
161099 199 115 133 151  
163000 23 15 260   
163002 23 15 260   
163003 23 14 260   
163004 23 14 260   
163005 23 14 260   
163006 23 260 7   
163007 23 14 260   
163008 23 15 260   
163009 23 14 260   
163010 23 54 260   
163011 23 15 260   
163012 23 16 260   
163013 23 16 260   
163014 23 260 7   
163015 23 260 7   
163016 23 16 260   
163017 23 16 260   
163018 23 16 260   
163019 23 16 260   
163020 23 16 260   
163022 23 14 260   
163023 23 14 260   
163024 23 14 260   
163025 23 14 260   
163026 23 54 260   
163027 23 260 7   
163028 23 260 7   
163029 23 260 7   
163030 23 14 58 260  
163031 23 16 260   
163032 23 7    
163033 23 14 260   
163034 23 14 260   
163036 23 14 243   
163037 23 307 7   
163038 23
163039 23 7    
163040 23 307 7   
163041 23 307 7   
163042 23 62    
163043 190 23 260 92  
163044 23 105 260 92  
163045 23 307 7   
163046 23 48 7   
163047 23 14 307   
163048 23 260 7   
163049 23 14 48   
163050 23 14 48   
163051 23 14 7   
163052 23 14 88 7  
163053 23 260 7   
163054 23 260 7   
163055 23 14 260   
163056 23 15 260   
163057 23 260 7   
163058 23 14 7   
163059 23 14 16   
163061 23 59 307   
163063 23 59 307   
163064 23 14 243   
163065 23 260 7   
163066 23 260 7   
163067 23 307 257   
163069 23 307 7   
163071 23 14 260   
163072 23 14 260   
163073 23 307 7   
163074 23 260 92   
163075 23 307 260   
163076 23 260 92   
163077 23 14 260   
163078 23 260 5   
163079 23 260 5   
163080 23 260 5   
163081 23 260 5   
163082 23 260 5   
163083 23 260 180   
163084 23 16 260   
163085 309 23 260   
163086 23 16 260   
163087 309 23 260   
163088 23 260    
163089 23 16    
163091 23 260    
163092 23 16    
163094 23 260    
163095 23 260    
163096 23 260 62   
163097 23 260    
163099 23 260 257   
173000 23 310 37 3  
173001 23 310 37 3  
173002 23 310 37 3  
173003 23 310 37 3  
173004 46 47 48 49  
173005 46 47 48 49  
173006 46 47 49 5  
173007 46 50 47 48  
173008 46 106 47 49  
173009 272 274 16 62  
173010 272 274 16 62  
173013 23 16 49   
173014 23 14 7   
173015 23 14 7   
173016 23 14 7   
173017 96 55 15 311  
173018 96 55 311 7  
173019 96 55 311 7  
173020 106 96 311 7  
173021 69 312 313 92  
173022 62 312 269 313  
173023 54 62 312 313  
173024 54 312 313   
173025 62 312 5   
173026 62 312 5   
173027 16 312 5   
173028 46 66 269 87  
173029 46 66 5   
173032 46 66 7 5  
173033 46 55 66 48  
173035 109 62 312   
173036 69 312 5   
173037 78 312 5   
173038 312 5    
173039 314 2 62 269  
173041 106 314 2 87  
173042 314 2 269 7  
173043 106 314 2 7  
173044 16 312    
173046 78 312 5   
173047 65 51 48 316  
173048 55 48 7 316  
173049 55 48 7 316  
173050 62 5 316   
173051 55 317 48 316  
173052 318 16 144 269  
173053 319 312 7 5  
173054 318 16 144 269  
173055 318 58 16 144  
173056 112 99 62 48  
173057 112 99 50 5  
173058 309 99 16 49  
173059 112 99 48 243  
173060 16 319 312 5  
173062 319 62 312 269  
173063 23 16 7   
173064 23 16 257   
173065 23 48 7   
173066 23 14 7   
173067 5 320    
173068 5 320    
173069 5 320    
173071 23 16 54   
173072 23 16 108   
173073 110 102 48   
173074 110 16 48   
173075 110 16 7   
173076 312 102 48   
173077 312 48 7   
173078 312 102 48   
173079 312 102 48   
173080 312 5    
173081 315 312 5   
173082 315 312 5   
173083 321 312 48   
173084 321 312 48   
173085 321 312 48   
173087 312 313 7   
173088 46 52 16 7  
173089 46 52 65 51  
173090 46 52 69 48  
173091 46 52 83 5  
173092 62 312 269   
173093 16 62 312   
173094 51 62 312   
173095 16 275 49   
173096 16 275 49   
173097 65 99 51 48  
173098 99 62 5   
173099 99 48 322   
174000 88 131 114 7  
174001 106 62 87 5  
174003 58 88 7   
174004 323 58 7   
174006 28 88 89 5  
174007 21 115 141 7  
174008 228 179 7   
174009 58 7    
174010 28 2 7 89  
174011 85 58 88 2  
174012 179 15 7   
174013 28 88 7 89  
174014 285 58 59 205  
174015 11 13 62 5  
174016 62 83 7   
174017 28 88 7 89  
174018 26 7 89 5  
174019 324 190 58 7  
174020 158 88 234 123  
174021 285 59 73 126  
174022 28 85 58 7  
174023 28 7 89 5  
174024 190 28 58   
174025 85 58 59 205  
174028 16 192 13   
174029 28 58 7   
174030 28 159 143 7  
174031 26 13 7 5  
174032 28 118 88 5  
174033 62 7 87 5  
174034 28 13 126 114  
174035 2 7 87   
174036 58 73 283   
174037 28 16 88 7  
174038 58 7    
174039 191 28 158 133  
174040 182 85 58 16  
174041 62 7 87 5  
174042 12 94 118 5  
174043 58 59 73 205  
174044 58 7    
174045 16 2 115 7  
174046 58 7 246   
174047 16 7    
174048 58 283 246   
174049 29 58 216 133  
174050 23 16 7   
174051 58 179 7   
174052 16 91 13 7  
174053 28 128 252 123  
174054 58 283 7   
174055 105 7 5 220  
174056 105 2 7 5  
174057 58 16 70 246  
174059 16 2 7 5  
174060 28 58 7 89  
174061 135 21 3 133  
174062 58 283 7 246  
174063 58 13 283   
174065 190 28 85 7  
174066 29 2 115 7  
174067 16 2 3 7  
174068 28 88 7 89  
174069 28 58 7   
174070 28 114 7   
174071 23 58 13   
174072 16 2 7 145  
174073 28 13 126 114  
174074 28 16 7 89  
174076 28 85 88 7  
174077 58 7    
174078 58 13 283 246  
174079 28 58 7   
174080 58 16 283 7  
174082 29 16 115 144  
174083 58 59 7   
174085 29 58 13 7  
174086 2 32 62 3  
174087 29 58 115 7  
174088 182 58 205 7  
174089 105 2 326 7  
174090 16 283 7   
174091 28 204 16 7  
174092 28 58 16 7  
174093 58 314 16 7  
174095 58 16 283 7  
174096 28 85 7   
174097 13 7    
174098 16 3 7 5  
174099 88 234 133 203  
182000 327 328 322 292  
182001 327 328 322 292  
182002 327 328 322 292  
182003 327 328 322 292  
182004 327 328 322 292  
182005 327 328 322 292  
182006 327 48 322 292  
182007 327 328 3 292  
182008 327 328 48 292  
182009 327 328 292 7  
182010 65 21 327 292  
182011 134 327 126 292  
182012 26 328 292 7  
182013 327 328 3 292  
182014 327 328 44 292  
182016 327 328 322 292  
182018 327 3 292 7  
182019 327 328 44 292  
182020 327 44 292 7  
182021 2 328 292 7  
182023 328 44 292 7  
182024 2 328 44 292  
182025 328 44 292 7  
182026 328 44 292 7  
182027 328 44 292   
182029 328 44 292 7  
182030 328 3 292   
182031 328 44 48 292  
182033 2 3 292 5  
182034 327 3 292   
182035 327 328 292   
182036 328 44 48 292  
182037 328 44 48 292  
182038 327 48 292 7  
182039 26 3 292 5  
182040 88 44 292 7  
182041 26 328 44 292  
182042 328 44 292   
182043 26 2 292 7  
182044 327 115 292   
182045 327 328 3 292  
182046 327 292 329   
182047 328 3 44 292  
182048 26 3 292 7  
182049 327 328 48 292  
182050 327 328 207 292  
182051 327 328 44 292  
182052 328 3 44 292  
182053 26 44 48 292  
182055 2 328 3 292  
182056 328 44 292 7  
182057 327 328 48 292  
182058 26 327 292 5  
182059 327 328 292   
182060 26 327 292 7  
182061 65 327 322 292  
182062 328 44 48 292  
182063 327 328 292 7  
182064 6 327 3 292  
182065 26 327 328 292  
182067 327 328 3 292  
182068 327 328 292 7  
182069 134 65 327 292  
182070 28 327 3 292  
182071 9 2 3 292  
182072 26 2 292   
182073 328 3 322 292  
182074 21 327 3 292  
182075 134 327 328 292  
182076 327 328 3 292  
182077 327 53 292 5  
182078 328 3 44 292  
182079 327 48 292 7  
182080 327 328 48 292  
182081 26 2 292 7  
182083 327 328 3 292  
182084 328 3 292 7  
182085 26 2 328 292  
182086 28 65 292   
182087 327 328 3 292  
182088 327 328 292 7  
182089 327 328 3 292  
182090 13 328 3 292  
182091 327 328 3 292  
182092 328 3 44 292  
182094 28 327 3 292  
182096 327 328 44 292  
182097 328 3 44 292  
182098 327 2 48 292  
182099 328 3 4 292  
183000 141 3 174   
183001 46 13 47 48  
183002 46 108 47 48  
183003 46 176 47 48  
183004 46 67 244 47  
183005 46 48 322   
183007 148 13 48   
183008 46 129 13 47  
183009 46 106 47 48  
183010 46 47    
183011 46 47 48   
183012 46 16 47 48  
183013 46 67 47 5  
183015 46 67 16 47  
183016 46 47 48   
183017 46 47 48 322  
183018 46 82 47 48  
183019 46 67 16 47  
183020 46 82 47 48  
183021 46 47 48   
183023 46 47 48   
183025 46 67 47 49  
183026 46 16 47 48  
183027 46 16 47 48  
183028 46 16 47 71  
183029 46 47 48   
183030 46 16 47   
183033 46 16 47 48  
183034 46 47 62 48  
183035 46 108 47 48  
183036 46 82 47 48  
183037 46 67 47 48  
183038 46 47 62 48  
183039 46 50 47 48  
183040 46 16 47 49  
183041 46 50 47 48  
183042 46 82 47 48  
183043 46 25 50 47  
183044 46 13 47 48  
183045 46 129 13 47  
183046 46 13 47 306  
183047 141 121 174   
183048 46 50 47 71  
183049 46 47 48 306  
183050 46 82 47 48  
183051 46 14 82 47  
183052 46 28 47 48  
183053 46 82 47 48  
183054 46 47 48   
183055 46 16 47 48  
183056 46 291    
183057 46 47 48   
183058 46 16 47 49  
183059 46 47 48 329  
183060 46 50 47 71  
183061 46 82 47 48  
183062 46 50 47 48  
183063 46 82 47 48  
183064 46 50 47 48  
183065 46 47 62 48  
183068 46 51 47 48  
183069 46 16 47 48  
183070 46 67 47 49  
183071 46 51 47 48  
183073 46 47 48   
183074 46 16 47 49  
183075 46 16 47   
183076 46 16 47   
183077 46 25 47 48  
183078 46 47 48 31  
183079 46 50 47 48  
183080 46 47 62 48  
183081 46 47 62 48  
183082 46 50 47 48  
183083 46 65 47   
183084 46 82 47 48  
183085 46 16 47 49  
183086 46 28 47 92  
183087 46 16 47   
183088 46 67 47 49  
183089 46 13 47 306  
183090 46 47 147 48  
183091 46 47 48   
183092 46 47 48   
183093 46 67 47 48  
183094 46 50 47 48  
183096 46 16 47 49  
183097 46 82 47 48  
183098 46 47 62 48  
183099 46 51 47 48  
187000 58 2 123   
187001 6 2 331 252  
187002 13 7    
187003 28 216    
187004 6 2 3 7  
187005 58 16 21   
187006 162 59 332 73  
187007 2 57 145 5  
187009 28 13 128   
187010 55 60 7 5  
187011 2 91 133 7  
187012 58 16 2   
187015 28 3 126 151  
187016 227 28 111 126  
187018 6 2 48 145  
187019 6 2 32 3  
187020 333 317 13 92  
187021 192 13 334   
187022 2 62 252   
187024 6 16 3 7  
187025 13 7 5   
187026 26 57 62 5  
187027 28 222 13 151  
187029 13 126    
187030 2 3 145   
187031 155 143 13 62  
187032 6 2 73 3  
187033 176 335    
187034 13 151 5   
187035 2 331 3 145  
187036 28 250 151 121  
187037 221 13 57 5  
187038 58 189    
187039 16 189 97 7  
187040 170 13 57 5  
187041 28 1 13 126  
187042 28 124 151 5  
187043 155 28 152 3  
187044 155 28 90 173  
187045 28 131 3 151  
187046 28 142 187 5  
187047 28 170 38 3  
187048 28 13 306   
187049 28 13 151   
187050 28 151 121   
187051 28 173 178   
187052 169 171 13 137  
187053 28 124 38 126  
187054 2 3 145 89  
187056 28 88 2 3  
187057 28 171 2 3  
187058 13 73 203   
187059 28 13 3 151  
187060 28 38 3 151  
187061 57 326 7 5  
187063 28 6 3 151  
187064 151 7    
187065 28 13 126 151  
187066 28 150 13 3  
187067 28 171 7 145  
187068 63 64 133   
187069 105 2 331 5  
187070 21 2 3 7  
187071 2 57 145 5  
187073 28 13 336 121  
187074 82 2 62 3 7 
187075 28 13 125 233  
187076 28 1 13 126  
187077 73 62 60 5  
187078 59 73    
187079 58 2 335 7  
187080 2 331 3 48  
187081 6 2 331 3  
187082 28 126 151 7  
187083 65 124 13 334  
187084 6 337 2 145  
187085 58 2 62 121  
187086 28 171 2 138  
187087 171 222 13   
187088 28 171 13 199  
187089 338 115 7   
187090 111 13 126 121  
187092 28 139 171   
187093 2 32 3 48  
187094 28 13 151 5  
187095 28 2 151 7  
187096 173 121 123   
187097 157 2 13 225  
187098 2 91 48   
187099 13 126    
189000 333 13    
189001 339 13    
189002 339 13    
189003 339 192 13   
189004 339 192 13   
189005 139 339 13   
189006 13 151 334   
189007 13 7 334   
189008 13 151 334   
189009 309 13    
189010 340 13 197 334  
189011 192 13    
189012 13 89    
189013 13 115    
189014 340 333 13   
189015 13 62    
189016 176 340 13 225  
189018 340 13    
189019 28 340 13   
189020 51 340 13 334  
189021 13 133 151   
189022 333 13    
189023 93 340 13 334  
189024 340 13    
189025 340 333 13   
189026 340 13 334   
189027 340 13 151   
189028 93 340 13 334  
189029 340 13    
189030 339 340 13   
189031 340 13 248 334  
189032 339 340 13   
189033 192 340 333 13  
189035 340 13 334   
189036 340 333 13   
189037 340 13 248 334  
189038 148 340 333 13  
189040 192 340 333 13  
189041 13 151 334   
189042 139 339 13   
189043 333 13    
189044 13 334    
189045 93 333 13   
189046 333 13    
189047 13 334    
189048 333 13    
189049 192 333 13   
189050 70 333 13   
189051 333 13 341   
189052 139 342 13   
189053 13 7 89   
189054 13 334    
189055 13 7 334   
189056 139 333 13   
189057 139 13    
189058 139 13    
189060 139 333 13   
189061 59 333 13   
189062 192 13    
189063 179 13 334   
189064 192 333 13   
189065 139 339 13   
189066 13 334    
189067 339 13    
189068 13 89    
189069 11 333 13   
189070 13 7    
189072 339 13 243   
189074 13 7 5   
189076 13 334    
189077 68 333 13   
189078 93 339 13   
189079 93 13 334   
189080 192 333 13   
189081 343 13 5   
189082 343 182 13   
189083 343 70 13 334  
189084 343 342 13 334  
189085 343 13    
189086 343 13 334   
189087 343 13    
189089 13 121    
189090 195 13    
189092 195 13    
189093 13 234    
189095 192 13 334   
189096 13 334    
189097 333 13    
189098 333 13 344   
189099 13
20000 58 222 13   
20001 6 21 171   
20002 171 222 13 7  
20003 345 13 336   
20005 202 336 177   
20006 169 336 177 197  
20007 336 197    
20008 21 142 3 7  
20009 345 333 13 336  
20010 194 342 13   
20011 171 222 13 234  
20012 2 48 151   
20013 171 199 336 177  
20014 336
20015 268 222 13   
20016 345 6 171 3  
20018 169 13    
20019 6 16 3 151  
20021 345 171 131 3  
20022 2 3 151   
20023 16 142 3 121  
20025 6 131 3   
20026 178 142 3 234  
20027 345 6 3 151  
20028 6 131 3 151  
20029 199 336 92   
20031 191 2 234   
20032 169 131 3   
20033 13 3 151 7  
20034 169 62 152 133  
20035 169 6 3   
20036 143 142 121   
20037 6 21 168   
20038 13 121    
20039 169 197 151   
20040 13 131 3 151  
20041 158 142 13   
20042 143
20043 90 183 121   
20044 222 13 133 123  
20045 158 336 5   
20046 131 151 7   
20047 169 152 197   
20048 16 3 151 7  
20049 222 13 121 123  
20050 169 142 197   
20051 183 133 151   
20052 345 168 131 3  
20053 169 133    
20054 169 13 152 197  
20055 28 73 131 3  
20056 168 3 151 7  
20057 169 197    
20058 222 13 151   
20059 345 168 151   
20060 345 168 131 3  
20061 13 3    
20063 222 13 151   
20064 169 152 197 133  
20065 131 3    
20066 345 3 151 7  
20067 191 131 3 151  
20068 345 168 7 5  
20069 13 334    
20070 222 168 13   
20071 345 183 59 171  
20072 169 152 197   
20073 345 3 151 7  
20074 183 152 3   
20075 345 158 3 151  
20076 345 16 168 3  
20077 345 6 142 131  
20079 28 3 7   
20080 183 152 7   
20081 345 6 151 5  
20082 183 234 151 7  
20083 169 183 152   
20084 169 183 152   
20085 6 136 142 199  
20086 345 183 152   
20087 199 3 151 7  
20088 88 131    
20089 169 152 133 121  
20090 345 183 152   
20091 336 235 152 133  
20092 131 151 5   
20093 131 3 151   
20094 342 13 3   
20098 169 152 133   
20099 169 152 133 7  
201048 178 153 115 3  
201057 16 153 115   
201000 118 27 3 5  
201001 6 215 27 5  
201002 28 3 5   
201004 26 153 137 5  
201005 12 153 3 5  
201007 28 250 137 346  
201008 6 115 3   
201009 120 3 5   
201010 102 3 123   
201011 12 5    
201012 12 154 3 5  
201013 28 186 216 115  
201014 333 347 142   
201015 128
201017 12 28 189 5  
201018 28 16 3 322  
201020 12 154 3 5  
201021 12 28 5   
201022 65 153    
201023 12 28 3 5  
201024 28 64 137 123  
201025 28 131 3 137  
201026 28 216 137 123  
201027 12 3 5   
201028 28 7 5   
201029 27 3 5   
201030 223
201031 13
201032 72 123    
201033 28 13 126   
201034 28 328 3 292  
201035 118 13 120 5  
201036 176 128    
201038 185 111 120 128  
201039 209 156 13 5  
201040 12 143 13 5  
201041 3 7    
201042 12 28 88 5  
201043 30 7 5   
201044 153 347 13 115  
201045 102
201046 115 292 7   
201047 28 16 13 3  
201049 153 91 123   
201050 185 13    
201051 153 13    
201052 28 153 3 7  
201053 16 3 7 119  
201054 216 115 7   
201055 158 16 153 3  
201056 69 153 347 123  
201060 213 13 128   
201062 53 62 5   
201063 216 153 13 7  
201059 314 13 7   
201064 188 65 170   
201065 16 121    
201066 16 88 230 13  
201067 342 153 347 13  
201069 88 347 13 3  
201070 16 347 341   
201071 65 240 299   
201072 240 13 341   
201073 240 13    
201074 240 13 341   
201075 240 13 128   
201076 240 13    
201077 240 128 7 123  
201078 3 7 5   
201080 135 16 21 3  
201081 135 348 3 5  
201082 127 13 232 7  
201083 85 16 3 7  
201084 16 216 7   
201085 16 3 326 119  
201086 193 91 3 7  
201087 59 16 189 7  
201088 88 13 5   
201089 341 141 3 7  
201090 36 245 13   
201091 13 128    
201092 296 62 3 5  
201093 6 38 27 3  
201094 12 118 3 5  
201095 12 212 215 3  
201097 127 29 13   
201098 13 115 125 7  
201099 65 38 3   
21000 134 349 322 121  
21001 134 349 322 121  
21002 134 349 322 121  
21005 134 349 322 121  
21006 134 349 322 121  
21007 134 349 322 121  
21008 134 349 322 121  
21009 134 349 322 121  
21010 134 349 322 121  
21011 134 349 322 121  
21012 134 349 322 121  
21013 134 349 322 121  
21014 134 349 322 121  
21015 134 349 322 121  
21018 134 349 322 121  
21019 134 349 322 121  
21020 134 349 322 350  
21021 134 349 322 350  
21022 134 349 351 322  
21023 134 349 351 322  
21024 134 349 351 322  
21025 134 349 322 121  
21026 134 349 322   
21027 134 349 351 322  
21028 134 349 351 322  
21029 134 352 351 322  
21030 134 352 351 322  
21031 134 352 351 322  
21033 134 322 350   
21035 134 322 350   
21037 134 351 322   
21038 134 322 7   
21039 134 322 7   
21040 134 322 350   
21041 134 322 350   
21042 134 322 350   
21043 134 16 322   
21044 134 16 322   
21045 134 16 322   
21046 134 322 350   
21047 134 322 350   
21048 134 352 322 350  
21049 134 322    
21050 134 351 322   
21051 134 352 322 350  
21052 134 322    
21053 134 352 351 322  
21054 134 322    
21055 134 322    
21056 134 322    
21057 134 322    
21058 134 322    
21059 134 322 350   
21060 134 322 350   
21061 134 322 350   
21062 134 322 350   
21063 134 322 350   
21064 134 322 350   
21065 134 322    
21066 134 351 322   
21067 134 352 322 350  
21068 134 322 350   
21069 134 16 322   
21070 134 16 322   
21071 134 16 322   
21073 134 322 350   
21074 134 65 322   
21075 134 16 322   
21076 134 65 352 322  
21077 134 352 322 350  
21078 134 352 322 350  
21079 134 352 351 322  
21080 134 349 16 322  
21081 134 352 351 322  
21082 134 16 352 322  
21083 134 352 322 350  
21084 134 16 352 322  
21085 134 352 351 322  
21086 134 352 322 350  
21087 134 16 352 322  
21089 134 351 322   
21090 134 351 322   
21091 134 322 350   
21092 134 349 322   
21093 134 352 351 322  
21094 134 352 322 350  
21095 134 352 322 350  
21096 134 322 350   
21098 134 65    
21099 134 65    
22000 26 148 3 5  
22001 191 26 353 5  
22002 26 7    
22003 191 26 353 5  
22005 191 26 3   
22006 191 26 137 133  
22007 26 92    
22008 26 2 5   
22009 191 26 13 353  
22010 191 26 133 220  
22011 26 134 7   
22015 191 26 28 133  
22016 191 26 5   
22017 191 26 53 5  
22018 26 3 5   
22019 191 26 3 133  
22020 191 26    
22021 191 26 188 5  
22022 12 26 62   
22024 191 26 125 5  
22025 191 26 353 5  
22026 191 26 135 133  
22027 155 26 152 5  
22028 26 193 3   
22029 191 26 1 3  
22030 26 3 353   
22031 191 11 26 353  
22033 191 26 5   
22034 12 26 5   
22035 26 134    
22036 3 7 5   
22037 26 5    
22038 8 26 1 5  
22039 26 5    
22041 191 26 4 7  
22042 191 26 133 114  
22043 26 1    
22044 26 135 3 207  
22045 26 7 5   
22046 26 2    
22047 26 7 5   
22048 26 189 5   
22049 26 199 5   
22050 191 26 133 5  
22051 191 26    
22052 191 26    
22053 26 6    
22054 14 26 3 7  
22055 191 12 26 353  
22056 26 3 5   
22057 26 5    
22058 26 71 5   
22059 191 26 133 5  
22060 26 133 121 5  
22061 26 5    
22062 191 12 26 5  
22064 12 89 5   
22065 26 328    
22066 191 26 53 133  
22067 26 3 5   
22068 191 26 133 5  
22069 26 178 5   
22070 28 3 5   
22071 26 3    
22072 26 7 5   
22073 191 26 133   
22074 12 26 5   
22075 191 12 26 5  
22076 191 26 59 353  
22077 26 3 5   
22078 26 30 5   
22079 26 3 5   
22081 26 3 5   
22082 12 26 5   
22083 26 5    
22084 26 134 81   
22085 191 26 353 5  
22086 191 12 26 353  
22087 26 2 353   
22088 191 26 353   
22089 26 5    
22090 191 12 26 353  
22091 191 26 30 353  
22092 191 12 26 353  
22093 12 59 5   
22094 12 5    
22095 26 59 5   
22096 26 13 328   
22097 3 5    
22098 191 26 353   
22099 26 5 92   
231001 21 354 5   
231002 354 7 5   
231004 12 212 354 5  
231005 2 354 5   
231006 2 57 354 5  
231007 6 21 2 354  
231008 2 13 354 7  
231009 6 2 354 71  
231011 9 2 354 5  
231012 1 354 207   
231013 28 1 59 354  
231015 26 2 354 5  
231016 204 58 354 5  
231018 2 13 354 5  
231019 2 13 354   
231020 21 2 354 5  
231021 59 2 354 5  
231022 2 57 354 5  
231023 354 89 5   
231024 12 2 354 5  
231026 2 354 5   
231027 2 354 89 5  
231028 21 354 5   
231029 21 354 5   
231030 21 62 354 5  
231031 55 2 354 5  
231032 2 354 5   
231033 354 7 5   
231034 2 354 7 5  
231035 2 57 354 5  
231036 21 154 354 5  
231037 2 354 48 103  
231038 2 354 5   
231039 354 89 5   
231041 2 57 354 5  
231042 354 114 7 5  
231043 204 16 88 354  
231044 354 114 7 5  
231045 11 83 354 5  
231046 21 354 89 5  
231047 21 88 354 5  
231048 2 354 5   
231049 354 226 71 5  
231050 324 2 354   
231051 26 21 354 5  
231053 2 354 226 71  
231054 12 59 354 5  
231055 59 21 13 354  
231056 57 354 114 5  
231057 58 2 354 114  
231058 28 354 126 114  
231059 9 2 354 5  
231060 354 7 5   
231061 104 2 354 5  
231062 2 57 354 5  
231063 6 58 21 354  
231064 30 354 5   
231065 85 354 5   
231066 21 354 114 5  
231067 59 21 354 7  
231068 135 29 354 133  
231069 135 354 133 121  
231070 135 180 354 133  
231071 354 71 145 5  
231072 58 21 354 145  
231073 26 57 354 5  
231074 106 58 21 354  
231075 21 354 7   
231076 188 1 354 7  
231077 28 1 354 126  
231078 135 21 354 7  
231079 26 57 354 5  
231080 26 57 354 5  
231081 26 57 354 5  
231082 135 57 354 5  
231083 12 1 354 5  
231084 354 27 114 5  
231086 188 1 354 5  
231087 188 132 354 133  
231089 1 354 126 7  
231090 1 180 354 122  
231091 12 21 354 5  
231092 204 216 13 354  
231094 219 13 354 7  
231095 58 88 354 7  
231096 12 6 354 5  
231097 135 57 354 5  
231098 21 2 354 5  
231099 21 62 354 5  
276000 2 3 48 5  
276001 2 3 48 7  
276002 2 3 48 5  
276003 2 53 3 5  
276004 2 3 7 5  
276005 2 53 3 5  
276006 9 2 3 48  
276008 6 2 3 7  
276009 6 189 3 5  
276010 236 2 189 5  
276011 23 2 7 5  
276012 2 3 7 5  
276013 2 3 48 7  
276014 2 3 48 7  
276015 6 2 3 7  
276016 6 2 3 7  
276017 236 2 3 7  
276018 51 268 144 7  
276021 59 16 2 48  
276023 273 2 3 7  
276022 6 2 3 7  
276024 2 3 48 7  
276025 189 3 7 5  
276026 2 189 3 7  
276028 236 2 48 7  
276030 6 2 3 7  
276031 6 2 189 3  
276032 2 189 3 7  
276033 2 189 3 7  
276034 6 2 3 5  
276035 189 48 7 5  
276036 236 189 3 7  
276037 6 189 3 7  
276038 2 3 44 7  
276039 6 2 3 7  
276040 6 3 7 5  
276041 6 3 48 5  
276042 2 3 48 7  
276043 2 3 48 7  
276044 273 55 7 5  
276045 6 2 3 7  
276046 324 273 48 7  
276047 2 48 7 5  
276049 2 3 48 7  
276051 2 3 48 7  
276052 110 189 3 7  
276053 6 2 3 7  
276054 6 314 189 3  
276055 6 2 189 3  
276056 6 2 3 48  
276057 65 59 54 189  
276058 324 46 189 7  
276059 2 226 3 71  
276060 2 189 3 48  
276061 2 3 48 7  
276062 6 2 3 48  
276063 56 189 7 5  
276064 65 59 54 189  
276065 2 189 13 48  
276066 6 2 189 3  
276067 6 2 13 3  
276068 6 2 3 48  
276069 6 2 102 3  
276070 314 2 3 7  
276072 6 2 3 7  
276073 2 3 7 5  
276074 6 2 3 7  
276075 9 189 62 5  
276076 6 2 189 3  
276077 2 3 48 7  
276078 6 2 3 5  
276079 6 2 3 7  
276080 26 189 62 5  
276081 6 2 3 7  
276082 6 2 3 7  
276083 6 2 3 7  
276084 6 2 3 5  
276085 2 3 7 5  
276086 2 189 3 7  
276088 6 2 3 5  
276089 6 2 189 3  
276090 6 2 3 48  
276091 2 189 3 7  
276092 2 3 48 7  
276093 2 3 7 5  
276094 2 57 3 7  
276095 2 3 48 7  
276096 2 3 48 7  
276097 6 2 3 7  
276098 2 189 3 7  
296000 309 13 7 92  
296001 9 71 5   
296003 157 13 7   
296004 16 172 7   
296005 88 70 2 3  
296006 14 16 63 7  
296007 58 16 3 7  
296008 16 107 62 3  
296009 221 3 308 290  
296010 355 356 129   
296011 105 244 107 220  
296012 16 115 145   
296014 23 14 3   
296015 88 70 7 145  
296016 16 189 7 289  
296018 82 121 92   
296019 309 65 13 344  
296021 189 62 3   
296020 88 70 7 89  
296022 28 13 121   
296023 124 70 3 7  
296025 124 70 13 3  
296026 63 189 62 3  
296027 14 221 141 7  
296028 134 221 115 3  
296029 124 54 13 344  
296030 68 13 115   
296031 154 74 7 5  
296033 28 154 3 7  
296034 172 244 84 220  
296035 14 16 3   
296036 14 260 3 7  
296037 14 90 54 7  
296039 130 54 13   
296040 63 88 70   
296041 65 13    
296042 28 154 74 5  
296043 16 189    
296044 58 16 289   
296045 63 62 3   
296046 14 3 7   
296047 16 63 13 92  
296048 14 16 7   
296049 130 13    
296050 357 62 3   
296051 16 63 7   
296052 28 74 5   
296053 124 13    
296054 70 2 7 145  
296055 250 62 3   
296056 14 172 3 7  
296057 16 7 5   
296058 250 82 41 121  
296059 221 3 290 5  
296061 23 14 7 5  
296062 93 13 115 7  
296063 16 3 7   
296064 58 16 3   
296065 13
296066 28 106 245   
296067 124 70 3 7  
296068 16 3 5   
296069 16 7 289   
296071 16 189 91   
296072 82 192 121   
296073 58 172 2 145  
296074 201 3 7 121  
296075 62 3 7   
296076 201 62 7   
296077 201 3 207 7  
296078 6 172 2 3  
296079 124 157 13   
296080 28 70 7 145  
296081 9 3 7 5  
296082 14 16 7   
296083 106 16 63 2  
296084 288 13 3 7  
296085 14 6 3 7  
296086 58 16 3 289  
296087 14 3 7   
296088 58 172 7   
296090 88 70 13   
296091 16 3 7   
296093 65 62 3   
296094 28 13 248 247  
296095 84 5 220   
296096 3 7 121   
296097 53 3 7 5  
296098 58 16 289   
296099 59 15 73   
33000 51 132 133   
33001 16 303 132 133  
33003 158 16 132 133  
33004 16 132 133   
33005 6 132 152 133  
33006 6 132 133   
33007 235 132 152   
33008 132 133 123   
33010 219 142 132 133  
33011 142 132 133 7  
33012 142 132 7   
33013 142 132 133 7  
33014 142 132 133 7  
33015 16 303 115 132  
33016 303 132 133 346  
33017 2 132 151 7  
33018 132 133 151 7  
33019 2 132 7   
33021 219 132 133 151  
33022 219 132 133 7  
33023 132 152 133   
33024 132 152 133   
33026 235 132 152 133  
33027 235 132 152 133  
33028 132 133 151   
33029 235 132 152 133  
33030 132 3 133 151  
33031 219 132 133 151  
33032 132 7 121   
33033 235 132 121   
33034 235 132 121   
33035 6 132 138 133  
33036 6 132 133 7  
33037 6 132 133   
33038 6 132 133   
33039 82 132 152 133  
33041 6 303 132 133  
33042 6 303 132 133  
33043 303 132 133   
33044 303 132 133   
33045 303 132 133   
33046 219 303 132 133  
33047 6 303 132 133  
33048 132 133 5   
33049 132 113 3 5  
33050 132 113 133 5  
33051 16 132 3 133  
33052 132 133 7 5  
33053 106 219 132 133  
33054 11 16 132 133  
33055 6 16 2 132  
33056 303 132 138   
33057 132 133 151 121  
33058 132 3 133 151  
33059 2 303 132   
33060 303 132 138 133  
33061 51 132 133   
33062 132 152 133 121  
33063 164 132 152 133  
33064 132 152 133   
33066 6 303 132   
33067 6 303 132 133  
33068 132 133 7   
33069 6 303 132 133  
33070 132 3 133 151  
33071 132 3 133 151  
33073 183 132 152 133  
33074 132 133 151   
33075 132 152 133   
33076 132 152 121   
33079 28 132 133   
33080 28 149 132 133  
33081 149 132 7   
33082 303 132 133   
33083 82 132 152 133  
33084 235 132 152   
33085 13 132 133   
33086 106 303 132 133  
33087 1 16 132 133  
33088 132 152 133   
33089 333 132 152 133  
33090 132 152 133   
33091 16 132 133   
33092 6 132 133   
33093 158 142 132 133  
33094 16 132 133   
33095 16 2 132 133  
33096 235 132 152 133  
33098 6 132 3 133  
33099 6 132 138 133  
335000 298 113 5   
335001 298 5    
335002 62 298    
335003 65 51 298   
335004 254 65 51 298  
335005 65 358 62 298  
335006 358 62 298   
335007 358 62 298   
335008 358 62 298   
335009 254 182 62 298  
335010 294 83 3 5  
335011 294 21 83 3  
335012 359 294 83   
335013 294 83 3 5  
335014 294 83 3 5  
335015 53 5    
335016 11 5 320   
335017 294 21 83 3  
335018 294 83 3 7  
335019 294 83 3   
335020 294 21 83 3  
335021 294 2 83 3  
335022 173 294 83   
335023 293 294 21 83  
335024 294 21 83 3  
335025 294 57 5   
335026 106 294 83   
335028 294 21 3   
335029 23 294 83   
335030 23 3 5   
335031 23 5    
335032 23 294 5   
335033 23 294 83   
335034 94 3    
335035 23 5    
335036 23 65    
335037 23
335038 23 62 5   
335039 28 265    
335040 23 265 5   
335041 23 265 5   
335042 23 265 5   
335043 23 65 265   
335044 23 65 51 265  
335045 294 62 83 5  
335046 94 79 62 3  
335047 11 94 5   
335048 12 294 27   
335049 62 133    
335050 293 54    
335051 6 94 236 3  
335052 9 3 145 5  
335053 21 84 83 3  
335054 293 62 83   
335056 295 6 62 3  
335057 295 6 3 145  
335058 293 21 3   
335059 293 21 3   
335060 56 57 7 5  
335061 8 315 83 5  
335062 21 315 5   
335063 21 315    
335065 359 293 64   
335068 359 293 83   
335069 65 51 263   
335070 65 263 83   
335071 65 263 83   
335073 23 293 83   
335074 23 65 51   
335075 359 65 51   
335076 294 21 83 3  
335077 65 62 83 313  
335078 293 73 83   
335079 293 83 7   
335081 65 360 73   
335083 300 221 317 7  
335084 293 221 51 308  
335086 221 51 308 290  
335087 293 64    
335088 288 360 62 5  
335089 293 83 3   
335090 359 293 361 83  
335091 360 62 5   
335092 51 53 5   
335093 83 64    
335094 14 362 3 7  
335095 65 51 164   
335096 293 164 62   
335097 268 62 5   
335099 293 164 62   
34000 33 34 3   
34001 6 33 34   
34002 6 33 34   
34003 6 33 34   
34004 6 33 34   
34005 33 34 3   
34006 33 2 34   
34007 33 34 44   
34008 33 34 3   
34009 6 33 34   
34011 33 34 3   
34012 33 34 3   
34013 33 34 71   
34014 6 33 34   
34015 33 34 35   
34016 33 34 35   
34017 33 34    
34018 33 34 7   
34019 54 33 34   
34020 33 34 3   
34021 6 33 34   
34022 34 41    
34023 33 34 3   
34024 19 33 34   
34025 6 33 34   
34026 33 34    
34027 33 34 44   
34028 33 34 3   
34029 33 34 3   
34030 54 33 34   
34032 33 34 3   
34033 33 34 3   
34034 6 33 34   
34035 33 13 34   
34037 33 34 3   
34038 33 34 3   
34039 6 33 34   
34040 33 34    
34041 6 33 34   
34042 33 34    
34044 6 33 34   
34045 6 33 34   
34046 33 34 3   
34047 6 33 34   
34048 33 34 3   
34050 6 33 34   
34051 54 33 34   
34052 33 34 35   
34053 33 34 35   
34054 33 34 44   
34055 6 33 34   
34056 6 33 34   
34057 33 34 35   
34058 6 34 41   
34059 33 34    
34060 33 34 3   
34061 33 34 44   
34062 33 34 3   
34063 33 34 3   
34064 33 34 35   
34067 33 34    
34068 33 34 3   
34069 33 34 35   
34070 39 41 3   
34071 33 34 3   
34072 33 34 35   
34073 33 34 3   
34074 33 34 3   
34075 34 41 3   
34076 6 33 34   
34077 6 33 34   
34078 33 34 3   
34079 33 34 3   
34080 33 34    
34081 33 34 4   
34083 33 34 44   
34084 6 33 34   
34085 33 34    
34086 33 34 3   
34087 33 34 3   
34088 33 34 3   
34089 33 34 44   
34090 6 33 34   
34091 34 41 3   
34092 33 34 35   
34093 33 34 35   
34095 33 34    
34096 33 34 3   
34098 6 33 34   
34099 39 363    
384000 11 13 253   
384002 11 83 3 5  
384003 13 83 218 5  
384004 11 13 83 5  
384005 192 13    
384006 11 28 83 5  
384007 11 13 83 5  
384009 11 62 83 5  
384010 11 13 83 5  
384011 11 83 7 5  
384012 11 62 83 5  
384013 11 83 3 5  
384014 11 83 3 7  
384015 13 83 7 5  
384016 11 28 83 5  
384018 11 28 83 5  
384019 11 13 83 5  
384020 11 83 3 5  
384021 12 30 3 5  
384024 11 12 83 5  
384025 13 3 7 5  
384026 11 105 83 5  
384027 13 83 3 5  
384028 11 13 83 5  
384029 11 13 83 218  
384030 11 83 3 5  
384031 11 83 3 5  
384032 30 83 3 7  
384033 11 83 7 5  
384034 11 13 5   
384035 11 83 7 5  
384036 11 83 3 5  
384037 11 13 83 5  
384038 11 83 3 5  
384039 11 83 3 5  
384040 11 13 83 5  
384041 11 62 83 3  
384042 83 3 7 5  
384043 11 83 3 5  
384044 11 13 83 5  
384045 11 13 62 5  
384046 11 13 83 5  
384047 11 13 83 5  
384048 11 13 83 5  
384049 11 83 3 5  
384050 12 83 3 5  
384051 11 83 3 5  
384053 11 15 7 5  
384054 11 3 7   
384055 11 13 83 5  
384056 185 13 83 5  
384057 13 95 3 5  
384058 23 13 83 5  
384059 11 13 3 5  
384060 28 95 83 7  
384061 11 13 83 5  
384062 70 83 3 7  
384063 11 79 13 5  
384065 11 13 83 5  
384066 11 83 3 5  
384067 11 13 7 5  
384069 11 13 83 218  
384070 13 62 3 7  
384071 11 28 83 3  
384072 11 83 3 5  
384074 11 13 83 3  
384075 28 62 7 5  
384076 13 62 83 5  
384077 11 83 3 218  
384078 11 28 83 5  
384079 11 13 83   
384080 13 83 3 5  
384081 11 83 218 5  
384082 11 28 83 5  
384083 11 13 83 5  
384084 11 13 83 5  
384085 13 83 218 5  
384086 11 13 95 3  
384087 62 95 83 5  
384088 62 95 83 5  
384089 13 83 7 5  
384090 11 13 83   
384091 11 28 83 5  
384092 11 28 7 5  
384093 11 13 83 7  
384094 95 83 3 5  
384095 11 62 3 5  
384097 13 83 7 5  
384098 11 13 83 5  
384099 11 83 3 5  
41000 254 273 58 7  
41001 273 275 48 7  
41002 254 273 48 7  
41004 254 273 58 7  
41006 254 273 58 7  
41007 254 273 48 7  
41008 254 273 55 7  
41009 254 273 58 16  
41011 309 266 271 16  
41012 266 16 3 48  
41013 309 266 271 16  
41014 14 106 99 48  
41015 65 266 55 51  
41016 266 271 55 7  
41017 266 236 7   
41018 99 62 48 81  
41019 182 58 16 276  
41020 254 58 276 5  
41021 364 276 7 5  
41022 254 58 16 276  
41023 2 62 48   
41024 293 62 3   
41025 293 62    
41026 3 48 7   
41027 106 62 48   
41029 3 48 7   
41030 300 51 268   
41031 6 3 48   
41032 365 366 7   
41033 309 364 83   
41035 314 2 62 7  
41036 359 16 21 3  
41037 359 106 58 16  
41038 359 58 16 21  
41039 359 65 51 268  
41040 359 2 62 48  
41041 106 16 62 316  
41043 309 67 7 316  
41044 51 62 7 316  
41045 55 51 48 316  
41046 110 55 62 7  
41047 16 263 69 365  
41048 110 3 48 7  
41049 58 16 365 256  
41050 309 46 67 66  
41051 46 66 7 5  
41052 309 46 67 66  
41053 46 65 66 51  
41054 46 66 5   
41055 46 66 5   
41056 65 319    
41057 58 16 54 313  
41058 3 48 7   
41059 16 5    
41060 14 51 5   
41061 51 69 5   
41062 25 16    
41063 309 25 3   
41064 51 7 308   
41065 14 3 7   
41066 69 319 48 7  
41067 58 16 51 321  
41068 263 69 365 7  
41069 51 62 4   
41070 54 313 7   
41071 58 16 7   
41072 51 69    
41074 105 109 99 62  
41075 99 62 102 3  
41076 106 99 16 100  
41077 309 358 298 48  
41078 309 358 298 48  
41079 309 358 298 48  
41080 309 67 311 7  
41081 309 67 69 311  
41083 311 62 48 7  
41084 96 65 51 7  
41086 96 109 51 62  
41088 51 263 69 365  
41089 367 51 48 7  
41090 14 55 7   
41091 53 62 5   
41092 69 365 7   
41093 69 365 7   
41094 263 73 365 4  
41095 365
41096 263 69 365 7  
41097 263 365    
41098 293 365 366   
41099 293 365 83 366  
46000 368 13 22   
46001 368 13 22   
46002 157 13    
46003 59 79 74   
46004 368 13 22   
46005 368 13 22   
46006 368 13 22   
46008 11 368 13 5  
46009 94 62 5   
46010 11 368 13 5  
46011 368 13 22   
46012 11 3 71 5  
46013 11 13 83 5  
46014 13 113 22   
46015 369 13 74 7  
46016 11 368 7 5  
46017 11 369 13 5  
46018 11 94 369 5  
46019 369 13    
46020 11 369 13 62  
46022 11 94 369 5  
46023 369 3 71 7  
46024 295 369 62 7  
46025 11 369 13 5  
46026 11 369 3 5  
46027 58 21 369 7  
46028 295 45 369 62  
46029 11 369 83 5  
46030 11 369 13 83  
46031 369 3 5   
46032 21 369 7 5  
46033 11 369 83 5  
46034 11 369 13   
46036 295 369 62 3  
46037 59 368 151 7  
46038 11 154 13   
46039 16 154 7   
46040 11 368 3 5  
46041 88 370 153 7  
46042 78 368 371   
46043 11 28 368 13  
46044 28 3 137   
46045 78 368 371   
46046 11 28 368 5  
46047 11 12 368 13  
46048 16 142 7   
46049 78 368 187   
46050 11 368 7 5  
46051 11 12 368 13  
46052 6 38 368 3  
46053 368 74 151 7  
46054 11 368 71 7  
46055 370 74 7   
46056 370 322 292   
46057 158 370 137   
46058 188 16 369 7  
46059 372 370 373 5  
46060 11 370 13 7  
46061 28 370    
46062 16 369 7   
46063 11 370 13 5  
46064 11 12 370 13  
46065 58 370 5   
46067 12 370 5   
46068 11 370 7 5  
46069 11 374 13   
46070 169 370 3 7  
46071 12 370 5   
46075 28 6 374 3  
46076 11 374 7 5  
46077 14 374 64   
46078 374 201 7 5  
46079 11 374 7 5  
46080 374 62    
46081 374 115 3   
46082 56 374 84 7 220 
46083 65 374    
46084 11 374 7 5  
46085 188 374 3 7  
46086 58 374    
46087 374 62 3   
46088 11 374 7 5  
46090 12 374 3 5  
46091 369 13    
46092 59 369 7   
46094 216 369 13   
46095 12 165 369 13  
46097 285 59 370 73  
46098 369 13    
46099 323 179    
